1
29
1208
3393
4749
5263
5815
6619
6684
7060
7171
9667
11401
16519
16569
18109
18244
20790
22325
24511
24868
25024
25170
25218
25418
29315
29323
29346
33064
33065
33133
35259
35269
36771
36772
36774
39176
39180
41749
41753
41758
43676
43680
43682
43829
43831
50284
50285
50295
50299
51811
51817
51820
57921
57923
59713
59748
70711
70722
70723
73293
73306
73350
74847
74854
75939
77391
77396
77404
77407
83878
83959
90147
90174
90179
90182
90185
90187
92081
92083
93284
93293
93297
94320
94321
94664
94672
95073
95641
95884
95934
96141
96313
96503
97736
98839
101775
101839
103001
103313
103935
104640
105102
106204
106220
108715
108869
110569
110571
110584
111922
111924
111928
113642
115619
115621
115624
118107
118112
119689
119692
119697
120742
120743
120746
120760
120762
123020
123023
124611
125332
126613
126616
126771
128053
128061
130240
130241
130248
131306
131715
134565
134570
134576
138123
138124
138129
139180
139187
139189
141761
141763
141764
141770
141774
141777
142618
142620
142626
145458
145517
145557
145880
146290
146293
146428
146439
146453
146811
148556
156646
156838
156840
157499
158398
158577
158605
158619
158657
159996
160004
160270
160822
160823
160824
160825
161497
162322
162325
163057
163203
164064
164170
164174
164555
164984
165146
165325
165341
165361
165449
168336
168341
168347
168350
170225
170226
170228
170235
172526
172544
172545
172548
174197
174199
174202
174205
174207
175063
175072
175074
175451
180499
180510
180519
180523
184461
184465
184470
184477
188814
188818
188822
188826
188859
192426
192435
192442
192451
192460
194350
194351
194355
195256
196433
196436
196438
198371
198381
199270
199272
199273
199275
207985
207988
207991
207993
207995
208599
208600
208810
209491
210044
210275
210395
210576
210631
210764
210813
211178
211466
211979
212726
214049
214626
220849
220917
221306
221344
221396
227167
227172
227176
231536
231551
231554
234532
236644
236650
238842
239021
243192
243204
243205
252444
253787
254017
256272
256276
256288
256289
256290
256294
256296
256298
256299
256306
258046
258047
258049
260242
260250
260251
270550
270556
270560
272284
272287
272289
273894
273897
274832
278129
278134
281237
281244
285827
285840
285849
288301
290391
291112
292245
292766
293547
295727
299168
299697
299715
299723
304609
311477
311506
313596
316238
316242
316268
316270
319278
319281
321994
323296
323306
323313
323317
325439
325447
330202
330279
331594
331970
332457
332466
332502
332537
332545
332990
333170
353316
354105
354799
354959
355162
355181
356457
356458
356459
358081
358082
359702
359710
360342
360343
360364
360366
360367
360503
360510
362307
362308
362309
362310
363190
363191
363192
364290
365600
365602
365610
365612
366600
366951
366952
366953
367019
367188
367191
367374
367437
367440
367441
367446
367447
367576
367977
367980
368271
368330
368332
368334
368597
368600
368601
368719
369418
369419
369880
