2
3
7
11
26
30
178
234
238
299
513
581
616
750
751
870
1116
1123
1182
1188
1413
1886
2183
2519
3045
3366
3394
3499
3503
3625
3977
4101
4254
4362
4431
4549
4735
4744
4885
4894
5170
5221
5271
5272
5282
5614
5816
5969
6328
6400
6571
6609
6620
6637
6652
6665
6667
6669
6689
6729
6736
6771
6788
6804
6995
7009
7030
7061
7082
7137
7163
7172
7330
7525
7677
7754
7935
7974
8332
8462
9125
9143
9237
9344
9366
9648
9653
9668
9867
10133
10318
10823
11225
11233
11279
11402
12095
12238
12413
13038
13385
13859
13902
16491
16520
16526
16570
16652
16721
16978
17473
17998
18053
18098
18245
18443
18568
19250
19373
19376
19758
19783
19949
19972
20056
20264
20366
20712
20752
20753
20791
20820
21018
21066
21070
21188
21245
21452
21873
22326
22397
22585
22627
22860
23213
23300
23305
23373
23375
23382
23416
23605
24459
24512
24573
24675
24777
24778
24869
24935
24936
24982
24990
24996
24999
25028
25181
25206
25208
25271
25419
25440
25593
26159
26233
26268
26373
26409
26598
27138
27172
27574
27609
28411
28816
29205
29252
29316
29318
29319
29320
29321
29324
29341
29345
29347
29758
29954
30272
30436
30567
30937
31436
31943
32229
32657
33019
33096
33120
33194
33487
33660
34039
34110
34224
34831
35036
35235
35262
35267
35268
35787
36179
36181
36515
36773
36775
36888
36964
37003
37099
37128
37212
37293
37472
37562
37793
38103
38116
38352
38459
38930
39070
39119
39177
39178
39179
39181
40852
40853
41500
41750
41751
41755
41757
41762
41988
42132
42233
42528
42625
42808
43206
43393
43635
43646
43677
43681
43687
43732
43780
43838
44258
44464
44508
44560
44671
45516
45943
46727
47229
49145
50104
50241
50257
50291
50293
50296
50297
50298
50396
50697
51074
51812
51813
51814
51815
51816
51818
51819
51821
53258
54043
54045
55171
55173
55175
56422
56785
56899
56910
56916
56917
57237
57646
57709
57852
57922
58838
59148
59149
59531
59676
59714
59717
60123
60622
60761
61151
61539
62499
63948
67117
67316
67687
68850
69187
70465
70605
70654
70684
70712
70713
70714
70715
70716
70717
70718
70719
71305
71308
72168
72169
72703
72705
72982
73295
73299
73300
73303
73304
73305
73307
73341
73342
73345
73346
73347
73349
73366
73537
73571
73639
73643
73826
73928
74005
74110
74687
74849
74851
74853
75017
75279
75493
75941
76086
76124
76186
76237
76341
76359
76422
76581
76766
76768
76806
76985
77063
77142
77253
77296
77392
77397
77398
77406
77408
77684
77893
78950
79062
79536
79768
79908
80315
80956
81477
81965
82345
83046
83425
83717
83782
83856
83877
83881
83946
83960
84661
84994
85100
85217
85334
85604
85756
85928
86234
86596
86712
89725
89851
90113
90175
90176
90177
90178
90180
90188
90201
90235
90373
90472
90498
90671
90698
90883
91013
91128
91242
91282
91477
91526
91794
92058
92082
93223
93290
93291
93294
93328
93371
93467
93494
93561
93575
93683
93775
93898
93979
94050
94266
94318
94343
94380
94474
94669
94677
94704
94705
94709
94955
94974
94993
95087
95349
95610
95733
95806
95810
95820
95887
95918
95920
95936
96127
96135
96136
96171
96227
96405
96478
96504
96658
96676
97368
97388
97473
97485
97527
97608
97624
98269
98363
98431
98517
98769
98770
98964
99413
100147
100486
100799
101632
101784
101804
101806
101817
101840
102046
103314
103366
103368
103432
103433
103582
103604
103687
103733
103939
104129
104132
104231
104315
104331
104406
104633
104641
104664
104714
105072
105778
105914
106067
106206
107395
107952
108033
108722
108843
108845
108849
108872
108929
109119
109167
109188
109565
109636
109825
109830
110068
110218
110547
110551
110570
110576
110577
110578
110748
110789
110839
110920
110922
111127
111192
111303
111716
111816
111897
111910
111915
111923
111925
111956
112209
112310
112415
112509
112823
113079
113087
113507
113578
113616
114266
114269
114701
114705
115130
115542
115620
115649
115685
115698
115733
115787
115820
115994
116054
116267
116281
117844
117853
118033
118050
118094
118109
118110
118113
119203
119507
119510
119683
119693
119699
119750
119787
119999
120097
120311
120666
120744
120764
120842
120913
120946
121050
121051
121568
121783
121986
122014
122303
122688
122748
122908
122938
122964
123017
123022
123053
123073
123088
123159
123276
123385
123775
124092
124326
124410
124457
124468
124470
124544
124638
124709
124733
124744
124763
124870
124964
125014
125117
125125
125260
125278
125683
125684
126257
126768
126769
126772
126842
126914
127031
127051
127071
127263
127467
127635
127782
127859
127894
127972
128038
128040
128056
128057
128058
128059
128062
129029
129373
129699
130040
130041
130219
130220
130242
130243
130244
130247
130480
130503
130753
130845
130915
131056
131060
131119
131179
131277
131280
131294
131330
131334
131435
131566
131722
131917
131968
132133
132165
132278
132431
132442
132459
132835
133014
133373
133379
133998
134101
134213
134319
134381
134451
134566
134567
134568
135178
135254
135345
135347
135429
135837
136516
136617
136621
136837
137344
137413
137850
137866
138109
138126
138128
138130
138173
138205
138255
138574
138597
138691
138855
138934
139123
139181
139188
139249
139316
139350
139381
139398
139487
139532
139873
140465
140625
140824
140904
141395
141697
141746
141747
141768
141771
141776
141797
141851
141872
141901
141938
141939
141952
142008
142274
142370
142562
142619
142621
142623
142624
142733
143441
143717
145479
145484
145518
145545
145546
145568
145617
145879
145881
145895
146183
146267
146294
146296
146306
146324
146421
146424
146427
146430
146435
146443
146454
146456
146529
146533
146812
147032
147445
148554
148870
149875
151011
151670
152120
152244
152358
152610
153413
156231
156735
156738
156789
156801
156811
156819
156820
156826
156828
156839
156841
156871
157012
157491
157610
157627
157656
157701
157718
157722
158360
158397
158399
158469
158551
158561
158571
158578
158580
158596
158606
158637
158660
158906
158931
158986
158993
159030
159068
159132
159196
159263
159401
159472
159508
159553
159554
159585
159590
159613
159627
159698
159713
159756
159894
159938
159941
160007
160048
160104
160132
160261
160268
160269
160279
160374
160382
160553
160606
160642
160757
160779
160876
160980
161164
161274
161341
161428
161446
161502
161567
161570
161606
161657
161689
161794
161863
162123
162165
162289
162294
162327
162337
162367
162384
162469
162481
162584
162677
162689
162895
162995
162998
163058
163059
163060
163161
163189
163282
163332
163357
163374
163518
163537
163818
163938
164135
164556
164565
164629
164678
164747
164814
164837
164899
164944
164981
164982
164985
165113
165114
165145
165148
165169
165181
165388
165389
165393
165444
165455
165673
166002
166144
166220
166226
166288
166355
166661
167063
167071
167242
167504
167600
168058
168141
168218
168239
168286
168337
168339
168340
168342
168343
168344
168348
168351
168742
168769
168863
169084
169152
169233
169382
169425
169661
169674
169729
169816
170018
170157
170180
170219
170229
170230
170264
170565
170585
170668
170741
171027
171290
171703
171850
171931
171952
172032
172409
172516
172537
172547
172549
172638
172744
172962
173001
173014
173032
173504
173613
173683
173696
173831
173878
174067
174144
174173
174198
174203
174204
174206
174210
174250
174379
174408
174423
174456
174506
174759
174803
174932
175025
175067
175068
175069
175071
175073
175082
175149
175166
175292
175391
175460
175471
176006
176144
176202
176505
176913
177493
177637
178489
178500
178538
179374
179775
180161
180261
180282
180348
180502
180514
180515
180524
180810
181130
181176
181488
181966
182082
182431
182453
182454
182848
183393
184395
184403
184404
184462
184463
184464
184467
184468
184469
184471
184472
184476
184478
184526
185394
185609
185696
186142
186232
186677
186794
188615
188744
188815
188816
188821
188823
188827
188860
188884
188946
188992
189159
189179
189251
189336
189575
189627
190927
191154
191207
191730
191854
192075
192363
192396
192428
192430
192431
192440
192441
192445
192447
192449
192452
192453
192456
192457
192459
192608
192738
193414
193471
193769
194158
194325
194352
194354
194356
194375
194597
194625
195257
195261
195331
195339
195354
195355
195489
195518
195557
195656
195763
196052
196309
196384
196392
196434
196435
196439
196503
196761
196766
196851
196862
196991
197037
197149
197365
197700
198226
198396
198562
198662
198863
198885
198992
199037
199052
199248
199276
199285
199420
199495
199511
199553
199564
199679
207158
207217
207407
207534
207757
207814
207935
207963
207971
207994
208003
208207
208253
208376
208494
208498
208645
208715
208717
208723
208742
208744
208785
208811
208819
208848
208926
208946
209015
209180
209458
209492
209681
209738
209757
210045
210057
210077
210254
210272
210355
210359
210399
210559
210560
210641
210649
210652
210653
210661
210662
210663
210669
210765
210775
210786
210814
210824
210855
211128
211147
211465
211467
211537
211597
211637
211689
211705
211747
211809
211835
211932
211952
211980
212033
212460
212563
212598
212727
212844
212910
213025
213104
213157
213163
213456
213709
213721
214022
214057
214145
214152
214646
214721
214864
214871
214882
214898
214929
216817
220850
220851
220873
220874
220893
220914
221099
221394
221417
221657
221908
222071
223047
223117
223891
224138
225979
226346
226858
226984
227046
227091
227107
227165
227168
227169
227170
227171
227173
227174
227175
227177
227578
227878
227971
228016
228327
229025
229158
231073
231159
231492
231538
231539
231545
231550
232331
232811
233737
233881
233928
234533
234630
234966
235110
235248
235276
235519
235568
236024
236170
236250
236402
236600
236617
236645
236647
236648
238193
238194
238439
238826
238843
238845
239022
239040
239117
239275
239402
239407
239578
240948
241082
241325
241477
241894
242715
243111
243171
243178
243184
243193
243194
243195
243196
243197
243198
243199
243200
243201
243202
243543
248446
249023
249024
252329
252330
252429
253373
253380
253472
253474
253788
253794
253949
253988
253989
253990
253992
254018
254020
254140
254248
254329
254676
254901
255001
255306
255396
255502
255529
255531
255532
255533
255581
255760
256245
256260
256269
256273
256279
256295
256297
256301
256302
256303
256304
256305
256307
257067
257327
257955
258055
258349
258759
258848
258985
259069
259284
259511
259680
259778
260149
260172
260176
260243
260248
260252
261054
261375
262701
263390
263768
264350
264774
264918
265538
265925
266375
266793
267692
267840
269090
269911
270401
270531
270551
270554
270555
270561
270687
270688
270689
271010
271250
271261
271349
271474
271561
271626
271746
271781
271831
271946
271964
272116
272172
272267
272281
272282
272283
272286
272288
272370
272453
272559
272611
272652
272686
272712
272785
272915
272983
273207
273381
273782
273839
273850
273890
273891
273892
273898
273899
273900
273901
273904
274088
274159
274224
274301
274437
274594
274730
274791
274793
274795
274796
274802
274833
274838
274994
275301
275391
275471
275577
275599
275704
275707
275734
276296
276457
276915
276917
277100
277478
277714
277869
277983
278050
278104
278888
278891
279445
280278
280904
281242
281245
281546
281814
281914
282051
282112
282252
282469
284054
284388
284668
284740
285470
285640
285668
285822
285829
285839
285845
285850
286535
287014
287015
287461
287952
287954
288148
288158
288282
288302
288343
288394
288505
288689
288759
289028
289370
289594
289933
290040
290125
290201
290304
290642
291023
291113
291422
292058
292235
292246
292550
293541
293624
293667
293849
293909
293973
293990
294025
294039
294735
294979
295289
295309
295344
295632
295669
295707
295709
295728
297874
298720
299004
299005
299154
299169
299170
299705
299717
299720
299722
299724
300815
301810
302301
302303
303005
304140
304446
304642
307590
307650
307675
307870
307931
308456
308610
308832
310891
310892
311273
311458
311464
311492
311507
312317
312381
312386
312397
312520
312790
313447
313597
313602
314016
314028
314091
314175
314324
314375
314642
314815
315122
315132
315299
315708
315806
315895
316044
316072
316117
316218
316239
316244
316267
316269
316271
316489
316603
316626
316729
316734
316818
317327
317528
318041
319216
319230
319271
319277
319279
319280
319282
319551
320932
321794
322007
322047
322136
322207
322266
322368
322468
322652
322896
323052
323071
323279
323293
323297
323303
323304
323305
323312
323314
323316
323318
323380
323456
323487
323538
323579
323653
323796
323914
324108
324233
324460
324821
324866
324976
325137
325149
325280
325404
325440
325441
325442
325443
325445
325446
325448
327518
327519
329819
329821
329822
330132
330239
330248
330259
330260
330261
330278
330280
330294
330590
330622
330643
330709
330816
330952
330987
331501
331580
331585
331595
331747
331944
331964
331971
331991
331995
332089
332274
332369
332425
332433
332458
332479
332482
332493
332496
332501
332510
332536
332541
332561
332565
332568
332581
332609
332625
332689
332968
333114
333135
333138
333169
333171
334403
335229
341727
342832
344220
345576
346167
349024
353712
353842
354106
354234
354291
354297
354470
354490
354562
354576
354738
354777
354800
354817
354839
354892
354906
354956
354960
354969
355020
355096
355115
355119
355189
355319
355447
355484
355773
355999
356205
356350
356387
356439
356449
356454
356516
356534
356601
356650
357171
357998
358048
358083
358197
358415
358512
358521
358644
358653
358927
359148
359669
359713
359799
359806
359815
359871
360180
360295
360323
360365
360370
360502
360516
360540
360562
360620
360631
360671
360785
361154
361297
361326
361656
361839
362189
362198
362242
362311
362518
362553
362595
362708
362722
362971
362975
363022
363076
363152
363185
363193
363586
364129
364257
364258
364282
364338
364462
364691
364709
365148
365226
365347
365580
365599
365611
365613
365627
365648
365656
365678
365689
365836
365902
366209
366534
366540
366583
366597
366599
366883
366937
366955
366973
366983
366984
367004
367010
367032
367044
367186
367189
367195
367377
367427
367428
367429
367443
367448
367452
367453
367574
367616
367641
367671
367705
367740
367775
367779
367804
367886
367896
367926
367966
367979
367981
368045
368049
368063
368145
368162
368177
368182
368202
368236
368257
368259
368260
368272
368299
368303
368324
368335
368349
368371
368405
368411
368451
368456
368474
368490
368494
368566
368584
368585
368599
368648
368658
368660
368678
368685
368691
368709
368736
368746
368764
368778
368820
368863
368901
368926
368932
368939
369001
369005
369020
369023
369051
369092
369110
369165
369185
369337
369386
369420
369446
369563
