6
10
12
25
33
110
175
179
195
218
233
311
316
362
375
402
417
467
475
539
576
723
748
749
815
937
1168
1189
1192
1218
1414
1418
1795
1893
1935
1982
2214
2382
2401
2517
2545
2554
2561
2567
2637
2642
2680
2767
3046
3054
3255
3256
3339
3373
3399
3409
3413
3481
3485
3491
3496
3504
3584
3589
3604
3605
3624
3670
3819
3909
3923
3972
4015
4117
4259
4271
4317
4349
4430
4732
4745
4874
4934
5169
5171
5268
5279
5283
5515
5520
5605
5823
5827
5834
5884
5903
5924
5958
5963
5966
5967
5971
5975
5991
6027
6032
6033
6161
6171
6182
6187
6201
6225
6257
6268
6329
6339
6390
6401
6432
6570
6573
6585
6622
6632
6635
6636
6642
6656
6661
6674
6685
6693
6705
6706
6743
6754
6786
6790
6794
6797
6798
6802
6805
6856
6920
6944
6964
6994
7016
7023
7027
7037
7041
7042
7050
7063
7070
7086
7087
7101
7104
7105
7115
7116
7118
7128
7145
7147
7149
7214
7219
7248
7274
7276
7301
7328
7331
7360
7392
7452
7526
7564
7611
7730
7755
7763
7789
7790
7807
7821
7852
7895
7899
7936
7975
8114
8124
8195
8216
8247
8301
8313
8438
8508
8700
8959
9009
9021
9046
9099
9147
9163
9209
9231
9331
9356
9495
9514
9531
9598
9654
9688
9697
9755
9796
9845
9868
9903
10028
10132
10164
10191
10312
10319
10335
10353
10413
10420
10426
10498
10507
10516
10533
10536
10539
10549
10561
10642
10715
10731
10796
10820
11176
11212
11252
11324
11658
11769
11797
11944
11985
12083
12091
12093
12239
12259
12275
12410
12412
12527
12554
12581
12590
12880
13056
13083
13195
13326
13386
13415
13461
13491
13607
13720
13858
13860
13883
13887
13903
13984
14612
16436
16444
16469
16523
16568
16604
16650
16655
16675
16706
16717
16936
16951
16967
17098
17538
17701
17986
18040
18089
18097
18110
18235
18246
18329
18351
18413
18444
18548
18569
18604
19145
19154
19243
19251
19282
19288
19293
19360
19362
19372
19444
19483
19579
19598
19628
19770
19773
19938
19946
19950
19956
19961
20032
20162
20258
20268
20376
20704
20711
20718
20721
20750
20754
20768
20796
20800
20916
21019
21035
21068
21071
21148
21149
21215
21216
21236
21242
21243
21443
21444
21519
21641
21738
21799
21874
22049
22358
22359
22403
22406
22437
22441
22586
22595
22597
22598
22620
22622
22628
22638
22681
22742
22856
22861
22930
23062
23142
23143
23160
23171
23189
23307
23317
23378
23383
23391
23415
23430
23432
23451
23696
23721
23739
23806
24532
24553
24572
24618
24670
24727
24739
24766
24817
24834
24853
24867
24875
24903
24926
24930
24941
24944
24952
24961
24977
24993
25007
25008
25011
25021
25025
25030
25031
25038
25041
25056
25070
25096
25105
25131
25172
25184
25188
25190
25198
25200
25204
25226
25245
25307
25367
25423
25435
25436
25441
25484
25503
25552
25553
25566
25656
25706
26043
26182
26231
26237
26246
26264
26269
26312
26336
26354
26397
26400
26427
26470
26493
26497
26513
26529
26535
26589
26599
26717
26766
26790
26817
26841
27018
27067
27068
27101
27114
27171
27173
27199
27208
27353
27363
27396
27427
27525
27533
27579
27610
27644
27802
27840
27880
27935
27959
28017
28038
28181
28316
28323
28361
28435
28483
28650
28703
28750
28841
28865
29020
29026
29140
29153
29165
29166
29180
29212
29231
29239
29253
29296
29301
29306
29317
29322
29340
29342
29343
29344
29382
29421
29437
29445
29473
29507
29591
29631
29819
30012
30206
30294
30335
30353
30357
30363
30385
30395
30680
30733
30824
30861
30869
30881
30938
30993
31106
31108
31275
31280
31318
31323
31351
31437
31474
31499
31594
31602
31630
31639
31655
31660
31671
31698
31991
32021
32060
32081
32103
32113
32175
32230
32523
32536
32658
32689
32702
32808
32909
33031
33087
33092
33103
33119
33126
33169
33200
33220
33227
33342
33370
33407
33514
33532
33547
33564
33581
33600
33661
33698
33779
33793
33800
33853
33920
33927
34015
34040
34125
34148
34153
34165
34166
34173
34184
34213
34214
34279
34314
34357
34406
34473
34668
34752
34756
34766
34781
34791
34804
34863
34898
34931
34989
35055
35072
35081
35092
35099
35225
35229
35244
35256
35261
35263
35264
35265
35266
35271
35446
35474
35485
35496
35520
35610
35715
35761
35767
35788
35789
35790
35842
35848
35849
35938
36011
36025
36026
36059
36118
36141
36189
36198
36251
36403
36446
36516
36542
36716
36717
36768
36783
36820
36834
36889
36937
36945
36965
36987
36994
37010
37060
37066
37069
37113
37120
37129
37183
37190
37205
37226
37232
37237
37239
37265
37282
37286
37290
37294
37302
37328
37364
37365
37389
37435
37473
37475
37560
37563
37597
37640
37683
37700
37724
37761
37765
37785
37794
37810
37824
37843
37942
37951
37984
38005
38013
38024
38110
38117
38162
38200
38232
38237
38238
38259
38272
38328
38339
38353
38362
38366
38375
38387
38410
38460
38507
38518
38555
38589
38591
38674
38716
38718
38751
38807
38880
38901
38910
38952
38992
38997
39030
39036
39118
39144
39150
39161
39164
39169
39172
39183
39401
39467
39473
39654
39671
39817
39889
39957
39987
40217
40224
40277
40292
40311
40328
40370
40390
40472
40558
40583
40656
40680
40731
40801
40920
40960
40974
41301
41378
41385
41433
41501
41561
41669
41752
41756
41759
41760
41763
41798
41801
41810
41874
41989
42021
42048
42055
42069
42124
42171
42191
42198
42203
42229
42236
42309
42327
42516
42568
42592
42621
42626
42649
42679
42717
42741
42756
42759
42781
42809
42833
42855
42886
42971
42977
42993
43007
43045
43095
43097
43101
43142
43184
43203
43219
43324
43339
43348
43378
43426
43459
43462
43645
43652
43688
43699
43705
43727
43746
43751
43785
43804
43806
43833
43839
44027
44036
44061
44116
44126
44306
44343
44371
44396
44467
44476
44500
44511
44537
44541
44562
44564
44576
44591
44648
44670
44783
45021
45143
45152
45274
45361
45374
45436
45562
45607
45754
45927
45944
46044
46119
46228
46318
46341
46515
46521
46704
46723
46728
46767
46825
46958
47096
47230
47667
47880
47944
48062
48068
48132
48220
48300
48426
48527
48538
48682
48711
48762
48832
48887
48910
49000
49461
49597
49804
49921
49925
49928
49981
49988
49997
50105
50146
50236
50239
50244
50247
50252
50268
50279
50288
50290
50294
50324
50366
50373
50398
50403
50421
50436
50540
50638
50709
50783
51075
51077
51213
51217
51352
51511
51516
51551
51690
51716
51757
51763
51809
51822
51823
51835
51859
51967
52046
52215
52373
52559
52572
52683
53071
53220
53237
53405
53516
53634
53784
53825
53950
54021
54042
54046
54094
54191
54264
54270
54479
54623
54802
54820
54872
55172
55194
55260
55289
55456
55598
55838
55866
55890
56313
56429
56472
56496
56525
56556
56688
56786
56971
56973
57073
57205
57231
57238
57589
57591
57654
57683
57721
57834
57853
57914
57918
57920
57947
57995
58043
58111
58166
58203
58374
58518
58533
58656
58661
58668
58673
58703
58729
58833
58946
59053
59056
59103
59138
59211
59241
59244
59295
59326
59336
59388
59437
59498
59518
59532
59591
59598
59715
59716
59902
59904
59973
60063
60109
60142
60207
60223
60337
60392
60551
60606
60623
60641
60746
60757
60764
60779
61016
61088
61149
61275
61345
61378
61402
61416
61497
61505
61515
61522
61538
61540
61582
61602
61656
61710
61711
62344
62377
62379
62485
62500
62540
62640
62645
62785
62786
63254
63922
63931
63969
64440
64656
64683
65037
65222
65286
65379
65388
65570
66143
66806
67109
67136
67143
67178
67213
67219
67239
67300
67306
67317
67368
67520
67586
67594
67618
67688
67816
67902
67980
68021
68050
68066
68357
68430
68678
68751
68778
68859
68888
69055
69075
69185
69199
69230
69270
69293
69299
69415
69418
69433
70177
70375
70539
70542
70583
70603
70606
70653
70664
70668
70681
70685
70709
70720
70728
70869
70901
70949
71099
71241
71274
71275
71309
71474
71671
71788
71806
71809
71839
71879
71882
71958
72035
72050
72105
72185
72257
72276
72355
72620
72687
72702
72704
72706
72752
72805
72885
72897
72961
72970
72979
73296
73301
73343
73348
73367
73394
73406
73467
73469
73474
73538
73567
73575
73583
73587
73605
73610
73629
73641
73678
73706
73729
73747
73897
73929
73943
73997
74003
74097
74111
74167
74198
74215
74232
74287
74325
74335
74394
74436
74558
74572
74602
74604
74626
74638
74707
74792
74837
74843
74844
74850
74861
75040
75278
75324
75372
75597
75899
75902
75942
75965
75969
76087
76110
76113
76120
76121
76149
76151
76176
76218
76225
76258
76271
76292
76327
76356
76371
76385
76386
76390
76415
76423
76467
76494
76543
76569
76582
76615
76664
76677
76703
76719
76804
76812
76822
76830
76844
76851
76866
76912
76932
76943
76987
76990
77018
77064
77091
77126
77143
77166
77182
77187
77214
77217
77223
77227
77250
77263
77268
77271
77281
77287
77353
77372
77373
77381
77393
77395
77403
77442
77517
77536
77587
77605
77630
77750
77765
77849
77850
78138
78408
78432
78512
78871
78877
78912
78952
78970
78971
78987
79016
79048
79258
79510
79511
79533
79657
79769
79803
79844
79861
79900
79955
80016
80022
80195
80242
80314
80402
80461
80677
80938
81083
81198
81227
81392
81478
81534
81786
81906
82022
82064
82114
82115
82283
82290
82338
82378
82537
82655
82890
83091
83220
83232
83339
83344
83423
83426
83468
83511
83711
83778
83781
83859
83879
83883
83884
83886
83890
83910
83943
84112
84184
84299
84358
84501
84613
84699
84729
84753
84836
84899
85055
85058
85082
85101
85108
85118
85128
85139
85145
85166
85220
85506
85568
85581
85691
85717
85767
85917
85948
85962
86019
86043
86078
86080
86093
86129
86139
86327
86527
86552
86600
86603
86686
86690
86696
86713
87059
88000
88307
88581
89072
89361
89726
89746
89803
89804
89852
89878
89975
90122
90134
90167
90181
90184
90189
90194
90212
90217
90233
90267
90304
90374
90391
90455
90470
90475
90478
90480
90482
90490
90522
90641
90670
90682
90689
90691
90697
90699
90715
90741
90742
90786
90874
90875
90899
91005
91010
91012
91014
91056
91064
91072
91078
91088
91116
91121
91129
91151
91154
91163
91182
91184
91243
91254
91281
91283
91309
91327
91352
91368
91372
91375
91461
91469
91478
91483
91501
91524
91541
91546
91566
91569
91593
91598
91664
91680
91716
91721
91727
91748
91752
91760
91802
91827
91839
91844
92012
92016
92028
92029
92045
92059
92078
92084
92140
92178
92297
92371
92403
92480
92490
92578
92586
92607
92659
92661
92666
92685
92757
92824
92837
92935
93015
93045
93072
93095
93131
93274
93292
93298
93301
93322
93330
93370
93383
93394
93395
93439
93440
93441
93475
93493
93499
93528
93529
93531
93539
93571
93574
93581
93583
93586
93587
93604
93645
93678
93682
93684
93687
93747
93810
93816
93848
93885
93890
93896
93970
93983
94049
94051
94092
94123
94130
94138
94160
94162
94179
94252
94323
94328
94335
94342
94347
94355
94357
94372
94454
94675
94678
94734
94767
94794
94889
94911
94950
94969
94973
94975
94976
94999
95001
95004
95017
95018
95074
95096
95098
95108
95118
95178
95267
95297
95353
95356
95367
95443
95633
95647
95657
95665
95667
95670
95681
95703
95732
95734
95773
95805
95822
95909
95916
95929
96100
96126
96132
96138
96142
96144
96154
96156
96159
96204
96208
96211
96226
96248
96258
96274
96315
96327
96355
96393
96394
96407
96414
96442
96465
96480
96482
96484
96489
96490
96560
96709
96715
97241
97340
97387
97389
97460
97481
97486
97493
97525
97531
97533
97534
97546
97575
97609
97610
97657
97693
98267
98294
98340
98359
98367
98394
98397
98404
98422
98432
98462
98721
98821
98828
98838
98873
99198
99372
99467
99928
99965
100025
100223
100283
100351
100419
100420
100476
100645
100680
100692
100825
101470
101709
101776
101793
101810
101900
101950
102067
102368
102756
102948
102961
102974
103002
103336
103340
103360
103419
103460
103506
103508
103511
103532
103539
103542
103573
103583
103587
103591
103605
103611
103631
103731
103737
103739
103740
103744
103751
103933
103936
103940
104141
104166
104230
104313
104351
104482
104659
104667
104677
104972
105033
105039
105054
105061
105064
105073
105213
105266
105586
105604
105809
105821
105886
105915
105933
105997
106062
106092
106155
106208
106213
106218
106219
106298
106500
106581
106788
106933
107123
107134
107241
107282
107769
107904
107943
107956
108034
108191
108662
108716
108718
108745
108787
108795
108799
108840
108846
108847
108850
108854
108861
108863
108864
108866
108867
108873
108934
109017
109032
109118
109135
109162
109165
109166
109184
109194
109229
109243
109257
109295
109349
109371
109381
109388
109389
109456
109458
109564
109566
109570
109629
109637
109677
109683
109702
109749
109754
109755
109820
109823
109897
109908
109952
109958
110001
110049
110069
110137
110167
110170
110241
110248
110325
110411
110443
110457
110477
110485
110531
110533
110560
110562
110582
110587
110590
110593
110642
110760
110835
110838
110841
110857
110886
110901
110905
110907
110915
110919
110923
110935
110944
110966
110999
111089
111105
111136
111221
111274
111277
111282
111317
111320
111355
111405
111444
111584
111616
111628
111656
111665
111717
111731
111789
111821
111867
111944
111952
112127
112136
112141
112163
112170
112244
112300
112302
112311
112313
112317
112390
112398
112448
112450
112500
112502
112506
112510
112565
112593
112675
112714
112757
112767
112768
112876
112890
112978
113025
113038
113063
113066
113078
113084
113090
113230
113237
113267
113274
113289
113290
113304
113306
113406
113459
113533
113557
113563
113593
113608
113620
113643
113692
113796
113812
113890
113949
114035
114164
114225
114239
114259
114271
114326
114338
114385
114438
114462
114466
114505
114517
114622
114669
114699
114734
114736
114784
114789
114802
114871
114889
115017
115079
115134
115159
115426
115516
115625
115633
115652
115666
115715
115742
115770
115778
115781
115789
115794
115802
115826
115852
115898
115942
115996
116028
116031
116032
116033
116058
116070
116109
116279
116282
116324
116432
116452
117268
117317
117603
117757
117761
117764
117854
117869
117894
117944
118037
118038
118093
118100
118106
118114
118178
118186
118260
118395
118415
118461
118493
118549
118559
118712
118759
118821
118857
118877
118964
119043
119077
119121
119170
119211
119217
119280
119424
119465
119548
119681
119682
119694
119704
119726
119730
119767
119771
119783
119832
119833
119846
119848
119918
119919
120040
120096
120145
120270
120307
120309
120407
120499
120528
120548
120553
120602
120607
120627
120669
120720
120721
120729
120747
120749
120756
120796
120812
120838
120840
120861
120877
120900
120914
120915
120918
120927
120929
120930
120934
120947
120950
120975
120983
120988
120992
121035
121040
121052
121169
121230
121264
121479
121482
121483
121496
121577
121642
121776
121779
121782
121813
121818
121949
121972
121983
121987
121988
122002
122012
122013
122015
122033
122066
122105
122115
122176
122215
122279
122302
122331
122393
122422
122689
122692
122742
122749
122762
122800
122801
122819
122827
122843
122846
122853
122862
122876
122915
122932
122933
122935
122958
122970
123000
123015
123026
123027
123030
123051
123061
123078
123086
123092
123097
123106
123108
123112
123113
123120
123128
123132
123133
123215
123243
123264
123274
123369
123386
123408
123620
123653
123657
123749
123814
123850
123889
123909
123971
124127
124140
124160
124299
124319
124344
124349
124411
124431
124448
124476
124498
124518
124520
124553
124608
124685
124703
124731
124736
124738
124741
124748
124764
124839
124860
124871
124881
124896
124913
124946
124952
124955
125006
125017
125087
125095
125111
125134
125170
125190
125197
125219
125227
125242
125249
125265
125268
125276
125286
125288
125306
125323
125384
125482
125545
125716
125723
125750
125757
125775
125776
125779
125785
125811
125850
125897
125988
126000
126040
126045
126077
126231
126250
126258
126320
126334
126344
126381
126446
126574
126623
126643
126694
126717
126767
126770
126773
126780
126782
126803
126806
126807
126809
126868
126900
126906
126910
126941
126986
127005
127009
127010
127012
127024
127048
127057
127072
127080
127176
127187
127199
127210
127216
127220
127236
127264
127296
127307
127326
127387
127452
127470
127530
127543
127552
127555
127561
127571
127578
127636
127642
127671
127781
127786
127816
127863
127865
127886
127920
127923
127957
127973
128006
128011
128017
128020
128026
128029
128048
128054
128055
128060
128066
128123
128202
128270
128730
128791
128865
128975
129095
129243
129320
129326
129333
129342
129343
129378
129455
129485
129523
129564
129612
129657
129728
129810
129846
130000
130042
130085
130106
130132
130173
130206
130292
130296
130331
130336
130476
130486
130586
130587
130607
130608
130610
130615
130618
130754
130766
130770
130772
130790
130823
130828
130841
130843
130844
130863
130894
130902
130916
130951
130956
130959
130965
131020
131054
131091
131093
131107
131113
131115
131123
131140
131150
131181
131190
131197
131291
131295
131307
131316
131322
131326
131333
131432
131481
131568
131575
131627
131640
131646
131705
131706
131710
131716
131717
131719
131720
131733
131828
131851
131934
131948
131969
131974
131976
132126
132130
132131
132134
132151
132225
132269
132279
132283
132293
132302
132321
132329
132424
132432
132434
132438
132447
132457
132458
132460
132504
132523
132626
132724
132729
132785
132788
132793
132884
132899
132991
133029
133263
133314
133338
133345
133364
133394
133459
133482
133519
133552
133659
133707
133719
133742
133819
133834
133889
133942
133974
134002
134026
134037
134039
134059
134154
134170
134176
134193
134196
134235
134260
134305
134328
134396
134431
134434
134452
134464
134498
134514
134533
134560
134571
134572
134573
134575
134577
134755
134756
134789
134796
134922
135049
135118
135124
135183
135255
135274
135302
135303
135310
135346
135365
135367
135377
135387
135438
135444
135639
135731
135792
136031
136315
136492
136508
136534
136561
136603
136604
136838
136874
136961
136982
137113
137116
137183
137219
137278
137306
137322
137333
137342
137402
137436
137820
137838
137849
137852
137863
137864
137865
137867
138101
138127
138188
138221
138256
138365
138378
138479
138486
138511
138512
138514
138567
138575
138589
138601
138646
138648
138672
138674
138695
138849
138870
138887
138935
138939
138961
138973
139159
139168
139178
139182
139186
139197
139238
139305
139314
139318
139322
139379
139384
139390
139393
139395
139399
139412
139453
139457
139480
139484
139485
139498
139512
139513
139515
139533
139547
139573
139588
139616
139620
139681
139851
139853
139860
139862
139863
139908
140119
140464
140470
140481
140557
140564
140621
140629
140669
140690
140738
140752
140753
140757
140802
140831
140846
140891
140905
140936
140988
141146
141263
141288
141294
141313
141349
141350
141421
141449
141465
141523
141665
141671
141672
141708
141713
141723
141729
141739
141748
141760
141769
141775
141798
141823
141829
141873
141879
141881
141882
141883
141902
141924
141928
141931
141937
141940
141941
141954
141955
141961
141973
142002
142007
142009
142105
142245
142264
142286
142303
142328
142329
142348
142349
142371
142377
142391
142394
142398
142419
142453
142496
142497
142517
142536
142539
142548
142583
142607
142622
142625
142758
143534
143535
143543
143547
143642
143675
143678
143747
144677
145279
145331
145454
145463
145465
145489
145519
145521
145532
145535
145542
145567
145586
145611
145648
145657
145760
145778
145779
145780
145896
145948
145951
145983
146030
146036
146160
146182
146189
146269
146291
146301
146308
146321
146431
146433
146440
146442
146446
146449
146452
146457
146479
146481
146530
146532
146684
146791
146802
146804
146806
146865
146875
146909
147014
147029
147033
147050
147216
147441
147929
147932
148470
148550
148551
148822
148823
148868
148871
149052
149169
149661
149901
150445
150682
151010
151316
151434
151671
151987
152026
152167
152183
152228
152258
152337
152595
152983
153060
153414
155579
155581
155650
156591
156647
156656
156693
156739
156740
156785
156791
156802
156805
156815
156817
156829
156837
156847
156855
156872
156892
156902
156985
157015
157019
157021
157023
157103
157557
157609
157611
157654
157686
157700
157716
157717
157721
158363
158407
158408
158452
158470
158472
158474
158488
158490
158549
158550
158563
158568
158569
158572
158576
158579
158583
158612
158620
158624
158636
158639
158642
158647
158655
158659
158690
158726
158892
158910
158927
158932
158943
158977
158994
159024
159032
159036
159069
159075
159111
159128
159137
159171
159174
159183
159195
159229
159264
159284
159318
159320
159337
159347
159371
159394
159399
159400
159409
159412
159420
159424
159448
159452
159501
159502
159504
159507
159521
159535
159537
159555
159563
159572
159591
159593
159594
159599
159608
159612
159614
159616
159636
159662
159732
159763
159781
159802
159803
159839
159846
159860
159876
159898
159908
159940
159983
159986
159997
160001
160003
160006
160008
160022
160028
160035
160043
160079
160088
160096
160122
160133
160138
160175
160183
160201
160205
160216
160219
160223
160247
160252
160273
160294
160307
160308
160318
160320
160351
160373
160376
160377
160379
160397
160410
160432
160433
160481
160504
160505
160507
160533
160565
160570
160581
160584
160585
160607
160619
160631
160643
160649
160662
160667
160673
160685
160733
160734
160756
160766
160776
160816
160821
160827
160830
160840
160872
160905
160965
160974
160981
161021
161037
161056
161066
161073
161108
161139
161165
161194
161229
161258
161262
161269
161275
161299
161303
161334
161357
161429
161437
161490
161495
161500
161535
161556
161566
161569
161571
161591
161593
161596
161603
161611
161612
161614
161617
161626
161663
161677
161690
161710
161732
161769
161795
161824
161835
161864
161882
161887
161895
161921
161926
161966
161968
161974
161979
162029
162033
162042
162044
162064
162124
162157
162221
162222
162263
162271
162281
162287
162303
162308
162318
162323
162324
162326
162330
162332
162333
162356
162386
162388
162394
162427
162438
162456
162464
162477
162490
162495
162497
162511
162513
162521
162522
162541
162555
162571
162573
162591
162606
162630
162647
162656
162681
162687
162688
162784
162805
162814
162825
162847
162866
162896
162921
162968
162976
162997
163035
163097
163111
163127
163159
163166
163170
163184
163192
163226
163245
163247
163327
163333
163338
163343
163355
163358
163359
163363
163365
163370
163393
163438
163448
163504
163505
163538
163556
163597
163674
163741
163771
163786
163821
163838
163848
163853
163870
163892
163913
163930
163968
163977
163997
164045
164049
164054
164058
164068
164070
164123
164138
164148
164167
164171
164172
164175
164193
164200
164222
164242
164256
164289
164292
164293
164353
164374
164427
164443
164471
164504
164508
164537
164548
164557
164561
164563
164569
164574
164576
164580
164601
164607
164608
164623
164632
164661
164674
164679
164692
164713
164730
164731
164748
164754
164784
164822
164824
164836
164838
164852
164865
164885
164894
164911
164915
164920
164923
164979
164992
165000
165005
165012
165067
165087
165106
165142
165149
165150
165151
165162
165165
165170
165172
165173
165177
165186
165189
165194
165206
165211
165245
165246
165266
165271
165277
165282
165287
165297
165326
165327
165329
165347
165359
165365
165366
165380
165382
165390
165394
165402
165437
165646
165687
165798
165878
166001
166026
166064
166065
166115
166122
166143
166209
166228
166249
166253
166254
166259
166279
166292
166312
166329
166334
166349
166356
166376
166433
166554
166571
166654
166662
166719
166874
166881
166983
167018
167058
167068
167119
167183
167205
167271
167299
167337
167359
167382
167406
167505
167521
167531
167547
167556
167562
167583
167601
167622
167718
167759
167869
167901
167959
167998
168049
168059
168097
168140
168165
168179
168195
168278
168302
168322
168367
168414
168458
168459
168475
168481
168483
168498
168513
168532
168561
168657
168696
168700
168743
168744
168767
168786
168788
168796
168802
168804
168819
168826
168842
168916
169052
169073
169075
169088
169119
169158
169171
169234
169246
169255
169257
169313
169317
169325
169384
169422
169426
169662
169671
169681
169695
169716
169735
169765
169769
169770
169968
169971
170019
170039
170082
170132
170152
170159
170222
170227
170255
170259
170402
170436
170445
170476
170536
170566
170573
170581
170584
170594
170597
170614
170644
170649
170653
170669
170727
170728
170772
170935
170936
170940
170981
170992
171006
171015
171021
171028
171052
171093
171182
171227
171250
171280
171289
171291
171327
171347
171435
171548
171580
171590
171620
171629
171655
171662
171704
171841
171932
171936
171953
171955
171958
171960
171963
171972
171991
172045
172099
172305
172339
172375
172407
172414
172517
172538
172539
172540
172543
172546
172552
172573
172585
172596
172672
172693
172700
172713
172745
172805
172830
172832
172884
172885
172964
173002
173016
173056
173137
173200
173208
173219
173226
173227
173237
173242
173245
173250
173251
173255
173289
173290
173319
173333
173349
173500
173505
173511
173515
173526
173542
173549
173559
173580
173600
173614
173676
173697
173710
173738
173756
173787
173790
173798
173800
173804
173813
173817
173827
173832
173838
173841
173853
173862
173882
173921
173926
173937
173946
173970
174000
174068
174085
174127
174133
174143
174186
174187
174208
174211
174220
174261
174320
174378
174404
174410
174416
174425
174444
174461
174469
174480
174487
174503
174609
174635
174637
174685
174692
174732
174740
174742
174757
174765
174804
174821
174829
174831
174838
174856
174875
174878
174941
175032
175066
175070
175075
175079
175100
175153
175310
175314
175322
175349
175355
175395
175452
175453
175456
175459
175461
175466
175548
175576
175674
175706
175972
176044
176064
176078
176130
176154
176172
176203
176232
176252
176257
176493
176506
176552
176590
176598
176601
176647
176681
176693
176773
176800
176820
176865
176892
176898
176907
176914
177123
177220
177291
177355
177374
177424
177494
177625
177638
177737
177857
177892
177999
178131
178156
178217
178261
178297
178468
178471
178514
178526
178539
178638
178715
178737
178808
178907
178974
179009
179047
179142
179227
179336
179356
179362
179375
179385
179428
179463
179525
179599
179771
179845
179925
180068
180073
180148
180166
180182
180198
180237
180246
180267
180276
180277
180278
180283
180349
180397
180416
180432
180455
180493
180507
180521
180522
180530
180558
180560
180594
180639
180641
180673
180707
180720
180782
180845
181136
181141
181153
181159
181459
181464
181489
181663
181671
181778
181940
181941
182020
182079
182114
182161
182169
182256
182295
182345
182414
182424
182432
182462
182596
182599
182703
182707
182736
182835
182849
182890
182941
183021
183316
183370
183394
183943
184043
184381
184397
184409
184415
184437
184466
184475
184480
184483
184484
184499
184528
184529
184546
184584
184598
185451
185473
185505
185529
185596
185597
185601
185611
185663
185668
185679
185683
185697
185717
185740
185821
185869
186098
186110
186113
186143
186149
186177
186224
186233
186283
186304
186355
186381
186535
186558
186583
186594
186648
186654
186673
186678
186723
186726
186735
186749
186767
186777
186788
186790
187069
187408
187896
188200
188380
188606
188625
188722
188736
188739
188749
188775
188787
188789
188817
188824
188825
188829
188865
188876
188877
188938
188947
188961
188986
189002
189084
189123
189126
189158
189162
189169
189173
189198
189205
189211
189241
189246
189252
189261
189274
189275
189315
189322
189327
189329
189332
189335
189337
189356
189382
189443
189538
189539
189554
189579
189604
189617
189622
189628
189774
189855
189967
190021
190764
190803
190922
190938
190955
190969
191076
191077
191122
191139
191160
191173
191195
191202
191208
191302
191333
191363
191444
191461
191616
191629
191728
191763
191777
191809
191839
191855
191865
191877
192052
192053
192088
192092
192108
192146
192206
192284
192333
192370
192380
192383
192386
192388
192395
192397
192404
192406
192414
192420
192429
192436
192444
192454
192471
192506
192616
192684
192712
192739
192742
192777
192797
192799
192849
192885
192886
192927
192932
193429
193432
193457
193469
193489
193514
193568
193575
193582
193597
193603
193644
193687
193729
193770
193885
193910
193998
194057
194074
194107
194159
194203
194217
194265
194268
194333
194335
194358
194494
194629
194830
194966
194996
195056
195155
195172
195253
195258
195281
195303
195304
195307
195310
195332
195344
195356
195388
195418
195419
195420
195423
195426
195427
195455
195456
195461
195464
195468
195488
195490
195505
195510
195519
195534
195558
195576
195642
195648
195653
195657
195665
195760
195762
195764
195844
195850
195871
195876
195922
195930
195931
195966
195973
195991
196034
196088
196143
196144
196145
196159
196174
196264
196285
196333
196349
196383
196391
196397
196416
196419
196440
196442
196450
196455
196485
196526
196595
196769
196835
196843
196846
196848
196992
197026
197029
197035
197043
197054
197127
197144
197262
197366
197551
197554
197566
197643
197644
197660
197672
197706
197709
197725
197738
197742
197783
197784
198149
198205
198218
198220
198280
198352
198363
198372
198379
198393
198415
198428
198456
198457
198574
198583
198636
198646
198648
198711
198854
198864
198873
198884
198886
198919
198921
198929
198960
198990
198993
199027
199045
199050
199074
199223
199235
199249
199258
199269
199281
199283
199337
199352
199439
199442
199458
199478
199486
199492
199500
199510
199516
199523
199551
199555
199557
199561
199563
199565
199592
199678
199680
202054
202966
207166
207183
207201
207215
207218
207241
207249
207261
207268
207319
207411
207451
207532
207533
207535
207597
207747
207785
207791
207804
207815
207927
207956
207957
207962
207964
207981
207987
207992
208004
208035
208136
208139
208142
208204
208208
208254
208257
208367
208381
208426
208430
208444
208567
208606
208646
208722
208735
208741
208769
208776
208782
208795
208806
208808
208816
208836
208896
208902
208903
208927
208933
208935
209037
209146
209150
209457
209495
209735
210048
210056
210073
210078
210079
210086
210090
210093
210213
210255
210256
210258
210277
210396
210398
210530
210579
210588
210605
210613
210614
210615
210628
210633
210635
210638
210648
210651
210668
210718
210735
210737
210738
210752
210770
210771
210776
210777
210780
210781
210782
210783
210787
210788
210801
210803
210808
210818
210819
210821
210845
210854
210856
210889
210904
210940
210962
210967
211078
211119
211130
211145
211149
211185
211188
211189
211229
211249
211266
211291
211475
211482
211483
211536
211569
211582
211634
211712
211740
211778
211786
211790
211815
211838
211839
211883
211884
211885
211924
211928
211931
211935
211962
211966
211978
211995
211997
211999
212034
212035
212041
212156
212597
212702
212716
212746
212747
212752
212813
212907
212909
212911
212918
213024
213087
213090
213099
213112
213147
213158
213331
213390
213459
213469
213474
213482
213696
213729
214006
214038
214055
214149
214169
214274
214278
214697
214715
214830
214847
214848
214862
214869
214873
214893
214910
214913
214921
216007
216145
216812
216815
216819
216894
216913
220731
220747
220783
220848
220852
220854
220861
220869
220890
220892
220904
220911
220961
220988
220990
220992
220993
221018
221062
221207
221310
221312
221314
221346
221397
221399
221401
221404
221418
221433
221581
221639
221645
221646
221656
221741
221816
221850
221909
221915
221920
221927
221938
221943
221962
222023
222024
222037
222072
222414
222644
222719
222820
222934
222979
222994
223040
223115
223244
223332
223392
223454
223508
223618
223661
223889
223892
223945
224091
224139
225045
225091
225127
225274
225359
225383
225618
225675
225732
225997
226006
226024
226033
226035
226054
226198
226347
226408
226409
226483
226642
226799
226802
226847
226857
226859
226886
226931
226982
226992
227034
227045
227053
227061
227064
227089
227156
227160
227254
227261
227263
227283
227291
227296
227349
227378
227398
227431
227443
227579
227865
227882
227884
227891
227906
227912
227926
227947
227972
227994
228012
228018
228023
228056
228097
228120
228141
228241
228275
228389
228478
228531
228656
228701
228999
229047
229091
229373
229424
229567
229581
230375
230412
230505
230610
230707
230924
230991
231019
231074
231096
231098
231113
231218
231287
231289
231417
231488
231505
231512
231547
231875
232103
232330
232351
232670
232671
232673
232881
232903
233046
233082
233218
233933
234146
234551
234554
234594
234631
234679
234688
234696
234702
234814
234873
234874
234993
235017
235028
235064
235067
235102
235147
235220
235249
235253
235272
235275
235307
235364
235386
235452
235518
235520
235542
235569
235663
235680
235721
235785
235905
235937
235949
235989
235992
235999
236025
236030
236099
236140
236149
236150
236206
236208
236214
236244
236251
236300
236302
236318
236324
236330
236341
236403
236466
236551
236589
236604
236628
236633
236634
236646
236649
236910
236912
237162
237324
237620
237727
237800
237864
238173
238176
238229
238240
238288
238310
238320
238391
238433
238458
238462
238483
238655
238662
238739
238844
238846
239019
239020
239046
239062
239100
239251
239295
239310
239377
239401
239403
239433
239498
239540
239577
239653
239836
239843
239953
239976
239979
240002
240982
241029
241040
241092
241141
241153
241173
241174
241237
241243
241246
241255
241258
241264
241270
241284
241293
241300
241321
241331
241424
241481
241516
241562
241590
241683
241700
241892
241902
241914
241967
242031
242714
242783
242865
242913
242930
242992
243061
243094
243160
243177
243203
243249
243402
243445
243461
243499
243523
244038
244769
245313
245609
246409
246846
247322
247949
248223
248428
248432
248447
248542
248578
248600
248743
248840
248951
248999
249025
249123
249240
249627
249780
249951
250335
250501
250589
250612
251091
252121
252272
252294
252354
252355
252423
252437
252511
253374
253381
253382
253384
253413
253471
253991
254019
254039
254092
254093
254101
254112
254191
254194
254223
254270
254292
254296
254308
254311
254314
254327
254328
254342
254353
254378
254380
254457
254514
254563
254564
254620
254621
254623
254648
254677
254771
254827
254867
254869
254873
254897
254902
254995
255029
255074
255120
255226
255239
255279
255313
255359
255463
255468
255500
255501
255503
255530
255537
255540
255606
255645
255646
255651
255656
255833
255925
256259
256261
256271
256274
256275
256292
256300
256310
256331
256606
256628
256647
256704
256743
256748
256815
256985
257052
257054
257150
257168
257260
257306
257322
257328
257332
257386
257492
257495
257809
257860
257879
257929
257954
257957
257996
257997
258001
258002
258050
258140
258169
258220
258291
258348
258350
258706
258718
258719
258746
258760
258772
258809
258828
258854
258857
258864
258867
258912
258966
258986
259006
259026
259028
259039
259040
259042
259044
259067
259070
259110
259141
259206
259257
259285
259337
259376
259382
259412
259425
259450
259481
259509
259524
259609
259615
259643
259644
259681
259706
259714
259736
259779
259818
259840
259941
259950
260044
260046
260048
260069
260117
260171
260177
260200
260201
260230
260247
260249
260411
260568
260570
260663
260727
260798
261297
261521
261788
262513
262514
262770
262799
263197
263294
263401
263444
263460
263470
263496
263545
263656
263678
263958
264165
264276
264277
264419
264603
264614
264714
264931
264936
264966
265033
265382
265399
265516
265923
266119
266347
266415
266522
266524
266536
266610
266632
267080
267297
267300
267553
267554
267693
268126
268505
268663
269195
269196
269790
269841
269959
270385
270557
270690
270724
270764
271131
271148
271251
271311
271341
271358
271375
271425
271497
271560
271563
271565
271569
271570
271579
271585
271599
271619
271627
271735
271750
271759
271766
271782
271788
271825
271827
271830
271837
271845
271847
271925
271934
271948
271965
271973
272036
272053
272070
272094
272101
272112
272117
272124
272165
272173
272193
272257
272270
272295
272342
272343
272351
272354
272385
272435
272472
272557
272560
272568
272606
272615
272648
272649
272651
272687
272688
272696
272709
272713
272714
272720
272726
272731
272733
272877
272898
272911
272923
272946
272947
272984
272991
273017
273034
273035
273066
273067
273091
273133
273172
273173
273190
273203
273206
273208
273246
273346
273380
273382
273428
273440
273450
273452
273471
273518
273525
273527
273626
273685
273698
273729
273768
273769
273830
273831
273838
273849
273885
273895
273896
273965
274055
274058
274071
274092
274121
274158
274160
274168
274169
274171
274177
274225
274256
274258
274281
274284
274296
274300
274311
274342
274410
274433
274462
274474
274519
274521
274535
274593
274595
274597
274599
274625
274633
274680
274731
274741
274773
274797
274799
274805
274807
274808
274813
274816
274818
274820
274825
274834
274835
274839
274906
274980
275153
275181
275300
275355
275357
275367
275384
275389
275408
275456
275469
275472
275495
275560
275566
275576
275584
275593
275601
275604
275613
275656
275659
275690
275692
275708
275711
275723
275735
275803
275944
275975
276027
276072
276086
276355
276372
276415
276536
276679
276691
276831
276848
276870
276918
276970
277085
277101
277275
277302
277318
277326
277398
277417
277422
277441
277479
277509
277510
277532
277757
277765
277774
277795
277848
277902
278030
278037
278041
278055
278105
278123
278135
278194
278212
278356
278392
278474
278554
278688
278784
278889
278890
279235
279514
279823
279840
279962
280124
280256
280901
280905
280908
280937
281000
281020
281031
281044
281082
281157
281162
281210
281240
281307
281310
281313
281340
281379
281392
281427
281466
281512
281513
281589
281592
281690
281691
281813
281924
281974
281980
281988
282006
282010
282021
282034
282082
282117
282121
282157
282213
282278
282287
282379
282428
282449
282453
282516
282552
284055
284084
284318
284384
284432
284433
284467
284475
284482
284672
284741
284791
284805
284848
284862
284892
285039
285250
285251
285270
285435
285471
285485
285518
285522
285570
285664
285666
285744
285821
285844
285852
285900
285990
286017
286033
286147
286242
286295
286451
286505
286529
286536
286609
286624
286772
286878
286888
286928
286986
287002
287016
287093
287097
287158
287178
287247
287385
287405
287451
287457
287462
287501
287519
287568
287596
287632
287700
287701
287801
287827
287881
287953
288008
288153
288192
288197
288206
288238
288278
288305
288306
288336
288344
288379
288404
288419
288424
288437
288496
288506
288517
288671
288688
288713
288741
288751
288769
288866
289007
289011
289017
289038
289040
289175
289214
289251
289263
289371
289396
289476
289549
289595
289640
289647
289673
289752
289804
289871
289927
289928
289936
290031
290045
290112
290130
290136
290138
290145
290163
290202
290213
290218
290226
290246
290258
290275
290280
290284
290356
290373
290376
290397
290405
290417
290447
290455
290463
290486
290487
290501
290558
290562
290564
290584
290591
290616
290639
290670
290720
290750
290778
290826
290891
290892
290921
290955
290958
290981
291004
291038
291087
291114
291153
291156
291157
291192
291252
291288
291347
291412
291415
291433
291435
291454
291571
291578
291611
291661
291663
291723
291812
291853
291870
291874
291880
291904
291907
291916
291962
292024
292059
292074
292086
292094
292133
292188
292189
292218
292384
292433
292511
292560
292711
292731
292738
292767
292789
292868
292967
293003
293013
293017
293055
293056
293119
293137
293180
293209
293242
293246
293306
293333
293356
293458
293512
293532
293533
293535
293543
293548
293563
293564
293610
293666
293678
293804
293835
293850
293906
293908
293912
293928
293974
293991
293996
294011
294015
294026
294027
294035
294040
294116
294161
294269
294415
294416
294453
294490
294526
294608
294759
294771
294774
294828
294888
294911
294915
294917
294918
294935
294980
294981
295064
295065
295072
295120
295141
295178
295191
295254
295288
295290
295294
295299
295318
295331
295365
295391
295392
295421
295461
295483
295536
295693
295698
295702
295703
295705
295710
295717
295778
295821
295836
295860
295883
295886
295968
296124
296156
296266
296328
296573
296917
296924
296934
297212
297316
297331
297341
297410
297810
297867
298493
298669
298998
299006
299015
299019
299048
299070
299135
299171
299698
299712
299716
299728
299834
299880
300140
300203
300340
300413
300591
300790
300794
300813
301086
301176
301210
301325
301411
301738
301781
301808
301811
301818
301927
302077
302243
302302
302304
302313
302411
302429
302431
302748
302801
302913
302980
303006
303384
304143
304196
304244
304262
304283
304324
304438
304454
304607
304643
305637
305857
306624
307524
307530
307532
307613
307623
307638
307652
307660
307664
307666
307673
307674
307677
307783
307826
307859
307863
307884
307904
307930
307939
307940
307962
308129
308143
308451
308474
308579
308582
308609
308703
308713
308725
308744
308775
308813
308833
308837
310519
310695
310886
310887
310893
310940
310948
310969
311027
311231
311298
311371
311404
311432
311450
311459
311462
311476
311480
311493
311504
311508
311524
311536
311600
311627
311675
311748
311775
311961
311998
312017
312210
312219
312229
312253
312297
312312
312313
312332
312341
312387
312394
312402
312894
313031
313089
313405
313450
313499
313522
313581
313582
313598
313600
313671
313776
313779
313824
313827
313928
313969
313979
314018
314027
314029
314031
314089
314141
314150
314167
314178
314188
314279
314316
314328
314336
314371
314372
314373
314376
314400
314418
314419
314450
314483
314506
314643
314728
314775
314807
314816
314857
314860
314948
314966
315038
315047
315129
315133
315152
315283
315291
315300
315399
315439
315482
315498
315510
315529
315565
315607
315716
315728
315748
315805
315818
315822
315836
315890
315903
315904
315920
315966
315967
316047
316070
316071
316073
316093
316110
316118
316149
316216
316240
316250
316261
316264
316265
316316
316330
316336
316342
316363
316365
316372
316417
316455
316488
316490
316493
316561
316565
316604
316625
316628
316631
316632
316643
316671
316673
316676
316730
316735
316738
316747
316788
316800
316819
316849
317201
317215
317323
317328
317361
317573
317723
317828
317876
317991
317999
318042
318200
318205
318291
318320
318344
318562
318601
318770
318773
319189
319217
319226
319238
319293
319295
319296
319301
319425
319489
319499
319539
319552
319623
319658
319659
319742
319760
319781
320492
320502
320608
320654
320717
320840
320894
320933
320935
320977
320989
320992
321124
321126
321157
321386
321531
321578
321583
321752
321996
321999
322000
322052
322060
322122
322154
322185
322203
322214
322222
322229
322243
322248
322264
322267
322354
322356
322382
322411
322445
322447
322537
322616
322653
322662
322681
322693
322719
322764
322813
322820
322844
322891
322895
322902
322907
322942
322990
323024
323029
323036
323120
323153
323228
323282
323284
323315
323319
323359
323378
323381
323404
323419
323427
323437
323438
323457
323462
323478
323484
323486
323488
323493
323510
323514
323515
323530
323536
323539
323568
323569
323570
323575
323580
323615
323626
323641
323654
323664
323667
323707
323753
323757
323797
323814
323848
323909
323930
323951
324030
324038
324069
324106
324112
324114
324153
324155
324159
324165
324265
324287
324303
324353
324423
324461
324472
324505
324523
324562
324587
324648
324685
324716
324789
324809
324828
324837
324839
324855
324865
324910
324943
324951
324974
325019
325043
325048
325127
325167
325215
325274
325278
325281
325424
325430
325436
325444
325476
325692
325790
325851
325980
326060
326880
327021
327100
327224
327261
327285
327461
327502
327516
327652
328102
328240
328466
328550
328647
328713
329064
329248
329363
329371
329479
329511
329659
329791
329815
329838
329900
329930
329984
330144
330199
330210
330237
330240
330251
330268
330284
330295
330322
330497
330562
330596
330601
330608
330639
330644
330651
330659
330664
330678
330706
330743
330785
330817
330828
330837
330860
330907
330948
330949
330950
330951
330962
330982
331001
331111
331123
331166
331175
331226
331241
331338
331363
331443
331454
331506
331521
331559
331571
331578
331579
331591
331613
331622
331653
331656
331665
331677
331765
331772
331802
331903
331960
331992
331994
331998
332041
332080
332084
332093
332230
332267
332272
332273
332324
332331
332360
332374
332376
332381
332417
332437
332459
332467
332480
332485
332492
332495
332500
332511
332513
332528
332550
332571
332584
332615
332626
332643
332646
332690
332715
332969
332981
332982
333051
333140
333155
333163
333631
333647
334282
334519
335230
335738
335982
337116
337117
337280
339567
339799
342190
342953
343744
343890
343944
344011
351454
351923
352364
352375
353303
353331
353409
353491
353561
353646
353713
354004
354119
354136
354214
354277
354292
354294
354295
354296
354298
354472
354491
354495
354512
354563
354575
354635
354666
354739
354789
354798
354811
354821
354825
354836
354838
354891
354926
354961
354965
354966
354967
355023
355116
355120
355126
355134
355135
355141
355173
355182
355309
355317
355353
355354
355449
355454
355465
355491
355574
355612
355750
355816
355825
355891
356000
356017
356024
356201
356206
356233
356328
356347
356382
356435
356448
356453
356455
356462
356474
356493
356517
356520
356524
356532
356535
356603
356619
356651
356676
356701
356723
356780
356804
357008
357167
357168
357172
357215
357295
357372
357517
357612
357703
357803
357810
357872
357914
357999
358027
358037
358080
358096
358113
358127
358198
358225
358282
358368
358416
358420
358426
358432
358458
358513
358522
358525
358528
358538
358559
358652
358654
358732
358793
358811
358812
358832
358847
358954
358956
358972
359079
359149
359233
359319
359352
359407
359428
359564
359592
359658
359706
359707
359711
359770
359807
359808
359819
359843
359941
360002
360009
360235
360246
360321
360350
360362
360371
360374
360376
360406
360442
360504
360511
360512
360514
360531
360534
360536
360544
360549
360560
360561
360586
360593
360613
360619
360623
360626
360627
360632
360646
360660
360678
360735
360776
360809
360815
360818
360831
360850
360880
360913
360921
360945
360959
360977
360985
360988
361020
361096
361110
361126
361139
361157
361186
361193
361225
361252
361257
361291
361310
361325
361331
361349
361394
361419
361448
361455
361472
361509
361526
361602
361622
361654
361664
361667
361748
361751
361775
362065
362068
362071
362104
362112
362119
362126
362127
362133
362188
362190
362193
362197
362241
362288
362312
362341
362365
362366
362399
362540
362566
362593
362597
362623
362639
362642
362644
362661
362676
362678
362683
362709
362716
362783
362820
362824
362841
362854
362862
362863
362867
362935
362956
362989
363001
363013
363015
363021
363024
363048
363056
363069
363077
363090
363153
363169
363182
363187
363189
363237
363250
363264
363274
363306
363329
363362
363480
363553
363564
363570
363599
363629
363676
363708
363745
363820
363955
364114
364130
364131
364166
364176
364201
364259
364261
364271
364273
364281
364288
364289
364293
364294
364300
364353
364410
364411
364434
364503
364524
364573
364595
364599
364681
364689
364699
364733
364903
364954
365003
365053
365059
365068
365132
365137
365146
365151
365152
365218
365221
365225
365236
365276
365307
365318
365326
365384
365395
365530
365569
365577
365601
365614
365623
365626
365650
365669
365674
365691
365694
365695
365702
365810
365834
365872
365874
365882
365892
365893
365904
366092
366103
366180
366188
366196
366211
366216
366275
366276
366403
366437
366511
366538
366541
366543
366550
366580
366587
366595
366609
366624
366638
366678
366684
366728
366774
366838
366882
366934
366958
366959
366960
366964
366965
367005
367006
367007
367009
367013
367022
367031
367033
367035
367038
367045
367047
367049
367055
367058
367060
367064
367190
367192
367196
367197
367378
367380
367382
367383
367430
367436
367438
367439
367444
367449
367451
367454
367483
367565
367577
367587
367612
367619
367621
367633
367660
367663
367672
367691
367696
367697
367698
367700
367728
367732
367741
367746
367751
367780
367790
367799
367807
367809
367837
367843
367847
367849
367857
367870
367880
367902
367903
367911
367914
367924
367930
367938
367953
367961
367964
367967
367972
367978
367982
367985
367992
368023
368037
368042
368047
368051
368055
368058
368064
368070
368072
368126
368128
368134
368150
368156
368163
368185
368191
368192
368194
368198
368203
368212
368217
368237
368239
368242
368246
368250
368258
368270
368277
368291
368292
368296
368298
368301
368304
368311
368312
368314
368315
368317
368318
368325
368328
368331
368339
368340
368343
368350
368362
368370
368372
368378
368384
368403
368413
368437
368439
368443
368458
368462
368471
368472
368473
368475
368478
368493
368495
368500
368522
368525
368533
368568
368574
368582
368583
368586
368598
368624
368627
368634
368636
368647
368649
368659
368663
368664
368670
368673
368679
368699
368712
368716
368717
368742
368745
368769
368772
368844
368853
368891
368915
368921
368927
368940
368986
369004
369006
369009
369014
369021
369022
369036
369038
369059
369081
369115
369125
369137
369158
369183
369194
369211
369215
369226
369239
369283
369310
369329
369338
369358
369359
369393
369395
369407
369441
369451
369464
369470
369471
369490
369506
369519
369641
369665
369693
369778
369845
369882
369902
369908
369917
369930
370045
