109
272
653
659
672
743
811
930
979
1004
1018
1025
1028
1038
1052
1065
1072
1073
1076
1095
1292
1293
1295
1298
1309
1314
1318
1325
1435
1444
1472
1515
1553
1559
1598
1604
1644
1657
1668
1672
1678
1718
1725
1758
1764
1765
1828
1859
1863
1880
1910
2004
2066
2080
2092
2096
2105
2113
2115
2122
2141
2148
2156
2171
2181
2306
2329
2331
2341
2347
2350
2365
2366
2450
2484
2485
2516
2533
2540
2547
2594
2689
2820
2831
2875
2920
2921
2925
2973
2989
3087
3094
3098
3101
3105
3108
3116
3138
3142
3146
3147
3152
3162
3177
3191
3330
3332
3337
3388
3459
3484
3578
3591
3682
3692
3695
3701
3708
3716
3732
3743
3761
3767
3768
3773
3877
3904
3936
3963
4124
4131
4139
4140
4144
4147
4151
4181
4293
4399
4435
4439
4462
4499
4514
4566
4591
4609
4642
4643
4662
4760
4821
4867
4883
4943
4958
4967
4972
4976
4998
5003
5034
5035
5059
5073
5089
5095
5128
5132
5135
5159
5177
5243
5301
5316
5326
5381
5432
5509
5511
5561
5590
5594
5661
5704
5736
5740
5747
5777
5783
5944
6058
6070
6078
6080
6092
6098
6143
6284
6415
6466
6477
6482
6490
6511
6516
6548
6549
6554
6840
6841
6996
7408
7464
7469
7480
7484
7488
7492
7493
7494
7506
7626
7633
7641
7644
7782
7861
7906
7921
7922
7924
8007
8032
8078
8158
8229
8233
8240
8357
8362
8368
8464
8468
8481
8540
8550
8570
8686
8690
8760
8794
8819
8825
8838
8853
8868
8880
8885
8890
8892
8893
8895
8903
9261
9283
9285
9429
9440
9442
9475
9493
9498
9512
9562
9568
9634
9721
9763
9791
9815
9819
9894
9926
9933
9953
9965
9970
9978
10008
10183
10350
10378
10400
10456
10466
10474
10481
10485
10488
10555
10597
10605
10611
10623
10663
10771
10837
10866
10867
10886
10901
10923
10930
11028
11042
11066
11082
11143
11145
11146
11158
11305
11340
11342
11344
11365
11375
11410
11454
11456
11464
11467
11479
11527
11585
11587
11601
11608
11626
11629
11635
11654
11701
11711
11736
11772
11781
11791
11827
11859
11891
11892
11936
11940
12002
12009
12145
12195
12319
12331
12381
12383
12440
12441
12532
12536
12540
12705
12708
12725
12727
12736
12754
12755
12769
12770
12783
12789
12794
12937
12958
12968
12969
12971
12973
13030
13075
13092
13228
13241
13290
13291
13347
13396
13467
13509
13671
13680
13681
13751
13756
13761
13803
13892
13912
13920
13924
13951
13965
13988
14041
14065
14068
14070
14089
14097
14124
14159
14188
14189
14193
14194
14195
14202
14207
14234
14280
14300
14303
14314
14325
14364
14387
14390
14403
14407
14409
14412
14437
14438
14441
14471
14477
14478
14487
14495
14499
14504
14505
14509
14512
14519
14547
14548
14551
14552
14558
14564
14569
14572
14573
14585
14591
14592
14595
14600
14617
14629
14630
14632
14640
14641
14645
14653
14655
14661
14666
14677
14681
14720
14753
14754
14776
14779
14780
14781
14784
14796
14798
14801
14827
14831
14833
14854
14855
14880
14885
14888
14895
14907
14910
14918
14920
14921
14935
14938
14939
14944
14945
14953
14962
14965
14969
14971
14977
14981
14995
14997
15015
15019
15021
15022
15024
15027
15029
15032
15033
15034
15043
15067
15075
15079
15094
15109
15110
15113
15115
15116
15128
15129
15132
15151
15168
15169
15174
15182
15193
15201
15211
15233
15238
15240
15243
15269
15271
15272
15275
15284
15285
15293
15294
15295
15303
15304
15360
15361
15375
15383
15389
15437
15456
15457
15462
15481
15482
15483
15487
15496
15497
15509
15521
15525
15530
15531
15543
15548
15550
15551
15562
15571
15586
15588
15589
15596
15601
15603
15604
15617
15635
15648
15651
15657
15663
15673
15678
15686
15688
15689
15699
15719
15729
15734
15738
15742
15750
15751
15755
15758
15764
15773
15775
15776
15787
15795
15798
15802
15828
15858
15859
15860
15870
15877
15894
15898
15905
15920
15921
15931
15962
15965
15972
15985
16008
16016
16044
16054
16055
16062
16069
16071
16078
16080
16082
16089
16091
16096
16110
16115
16121
16125
16150
16169
16204
16210
16218
16224
16230
16238
16241
16254
16261
16282
16293
16294
16312
16323
16334
16343
16394
16435
16555
16764
16836
16888
17046
17088
17105
17199
17268
17275
17296
17313
17335
17402
17410
17414
17428
17436
17459
17522
17562
17603
17618
17625
17627
17632
17654
17690
17747
17809
17825
17850
17852
17856
17859
17868
17876
17882
17883
17885
17948
17955
17981
18069
18197
18211
18230
18236
18238
18323
18326
18327
18361
18435
18483
18488
18522
18608
18611
18613
18614
18626
18629
18637
18639
18641
18671
18672
18687
18700
18720
18723
18729
18737
18781
18824
18840
18875
18881
18890
18901
18914
18947
18948
18949
18957
18962
18964
19009
19011
19018
19022
19043
19058
19065
19070
19073
19076
19077
19095
19132
19192
19413
19424
19459
19530
19555
19688
19713
19730
19732
19787
20019
20068
20159
20223
20280
20315
20324
20327
20341
20422
20425
20434
20443
20445
20446
20447
20459
20462
20498
20521
20527
20557
20570
20598
20611
20615
20620
20629
20645
20663
20949
21053
21058
21162
21290
21293
21388
21393
21396
21465
21492
21495
21595
21630
21634
21683
21715
21736
21743
21746
21754
21755
21835
21866
21953
21955
21958
21996
21999
22000
22001
22003
22060
22064
22091
22110
22113
22114
22121
22129
22142
22161
22170
22196
22201
22219
22282
22293
22306
22424
22497
22611
22612
22661
22668
22761
22845
22870
22899
22944
22976
23048
23053
23058
23081
23094
23098
23329
23332
23368
23386
23410
23512
23530
23567
23638
23695
23711
23748
23749
23752
23753
23781
23789
23808
23813
23815
23816
23824
23834
23835
23837
23910
23914
23917
23918
23931
23935
23950
23956
23983
23992
23997
24001
24052
24054
24066
24071
24074
24083
24086
24088
24089
24092
24106
24155
24168
24181
24194
24196
24201
24213
24217
24231
24235
24236
24238
24241
24242
24247
24261
24279
24288
24292
24297
24299
24300
24301
24302
24303
24310
24327
24328
24364
24367
24369
24371
24380
24403
24411
24421
24424
24431
24520
24562
25087
25100
25259
25266
25286
25309
25377
25378
25607
25622
25680
25692
25805
25879
25883
26015
26057
26075
26083
26084
26093
26094
26095
26098
26101
26102
26105
26112
26114
26120
26121
26610
26656
26669
26937
27046
27048
27063
27084
27088
27091
27121
27664
27670
27862
28090
28095
28096
28157
28408
28410
28511
28519
28539
28543
28547
28600
28606
28645
28685
28758
28763
28890
29013
29015
29016
29017
29335
29665
30629
30841
31069
31159
31261
31514
31515
31529
31532
31550
31592
31645
31718
31731
31738
31753
31806
31820
31823
31825
31826
31831
31832
31833
31843
31851
31856
31973
32010
32280
32961
32980
33252
33256
33257
33275
33283
33308
33317
33376
33484
33512
33535
33560
33668
33724
33829
33830
34198
34255
34266
34271
34282
34299
34303
34305
34324
34331
34334
34346
34358
34375
34384
34391
34471
34511
34512
34526
34573
34624
34631
34940
34955
35018
35091
35154
35161
35162
35166
35302
35368
35545
35546
35662
35672
35684
35694
35695
35832
35900
35909
35915
35944
35959
35967
35975
35976
35977
36160
36286
36345
36347
36349
36793
37022
37274
37406
37654
38144
38277
38295
38306
38529
38541
38633
38690
38739
38875
38939
38944
39241
39257
39276
39278
39296
39297
39301
39312
39313
39321
39322
39326
39333
39337
39365
39455
39659
39698
39700
39703
39709
39714
39716
39717
39718
39724
39727
39920
40126
40176
40193
40197
40232
40291
40349
40365
40488
40519
40628
40922
41144
41169
41175
41176
41179
41204
41208
41216
41227
41228
41234
41238
41245
41277
41587
41842
42067
42116
42257
42260
42354
42389
42412
42532
42753
42847
42862
42868
42869
42940
43042
43116
43485
43531
43855
43948
44204
44221
44275
44377
44431
44703
44737
44792
44797
44813
44889
44923
44931
44981
45095
45179
45192
45235
45293
45326
45334
45351
45400
45440
45442
45493
45494
45528
45635
45638
45744
45785
45788
45792
45798
45858
45914
45926
45989
46058
46177
46209
46347
46463
46540
46582
46590
46844
46854
46880
47001
47042
47055
47143
47147
47311
47315
47385
47441
47542
47563
47639
47640
47645
47654
47656
47657
47659
47660
47726
47737
47753
47757
47763
47774
47796
47799
47801
47804
47820
47842
47843
48129
48352
48388
48393
48414
48577
48596
48694
48698
49017
49095
49124
49127
49166
49178
49189
49197
49229
49384
49466
49492
49498
49502
49515
49520
49641
49703
49774
49793
50055
50063
50338
50446
50514
50525
50603
50606
50609
50763
50769
50803
50813
50918
50929
50949
50972
50974
50977
50980
50990
51012
51016
51036
51054
51055
51084
51101
51124
51134
51141
51144
51166
51183
51186
51197
51273
51302
51303
51305
51339
51345
51363
51364
51382
51383
51402
51409
51420
51431
51449
51452
51564
51573
51600
51611
51635
51642
51649
51651
51658
51659
51877
51889
51893
51898
51968
52052
52099
52109
52111
52114
52136
52139
52234
52272
52394
52465
52476
52501
52668
52713
52716
52728
52730
52736
52792
52820
52836
52865
52979
52983
52986
53114
53132
53325
53327
53331
53493
53531
53532
53539
53552
53656
53657
53658
53666
53724
53725
53731
53747
53751
53752
53757
53767
53768
53803
54054
54079
54148
54225
54320
54404
54448
54512
54692
54704
54709
54743
54754
54756
54880
54928
54932
54955
54971
54973
54979
54992
55009
55040
55069
55079
55103
55113
55121
55126
55127
55128
55133
55134
55135
55136
55144
55150
55154
55165
55166
55234
55311
55327
55335
55340
55355
55363
55365
55418
55460
55483
55488
55490
55500
55501
55511
55515
55516
55519
55520
55528
55542
55544
55549
55561
55564
55648
55653
55665
55695
55699
55788
55797
55907
55908
55928
55963
55979
55981
55985
55990
55994
56028
56035
56040
56042
56048
56049
56053
56054
56056
56058
56067
56073
56082
56129
56139
56187
56190
56276
56284
56306
56333
56365
56374
56385
56386
56399
56414
56676
56735
56778
56803
56855
56857
57014
57032
57037
57109
57116
57153
57162
57168
57285
57332
57337
57339
57342
57355
57359
57361
57366
57371
57383
57388
57401
57405
57424
57425
57439
57441
57446
57448
57458
57470
57471
57472
57480
57488
57492
57496
57497
57498
57502
57508
57514
57522
57523
57532
57536
57552
57554
57557
57560
57562
57567
57576
57577
57581
57638
57795
57876
57892
57977
57986
58019
58029
58033
58130
58185
58211
58227
58316
58339
58343
58427
58429
58431
58469
58474
58493
58615
58675
58683
58688
58699
58920
58923
58928
58941
59012
59013
59108
59126
59137
59265
59278
59410
59693
60022
60047
60048
60135
60138
60272
60290
60310
60329
60330
60342
60381
60397
60713
60733
60792
60797
60801
60853
60953
61020
61029
61041
61045
61087
61193
61216
61234
61258
61262
61301
61427
61491
61626
61659
61724
61740
61746
61775
61778
61800
61808
61818
61823
61826
61832
61859
61871
61891
61972
62009
62013
62015
62018
62122
62157
62169
62230
62238
62246
62260
62272
62317
62338
62354
62447
62490
62571
62625
62718
62748
62753
62808
62839
62848
62877
62878
62889
62899
62901
62902
62916
62935
62940
62945
62946
62949
62991
63002
63004
63008
63017
63024
63042
63043
63069
63086
63099
63106
63107
63108
63171
63194
63215
63257
63307
63319
63360
63365
63372
63374
63378
63388
63407
63432
63433
63439
63441
63444
63479
63541
63555
63587
63589
63593
63601
63605
63637
63639
63726
63747
63763
63769
63771
63776
63799
63829
63862
63863
63872
63876
63880
63884
63889
63909
63984
63987
64027
64040
64041
64056
64065
64083
64088
64094
64099
64100
64101
64112
64148
64149
64158
64169
64223
64239
64245
64298
64302
64307
64326
64351
64352
64382
64419
64457
64465
64484
64492
64518
64519
64521
64522
64581
64589
64600
64604
64612
64615
64630
64638
64694
64732
64754
64784
64811
64832
64853
64857
64860
64861
64887
64901
64929
64936
64945
64965
64986
64994
65024
65045
65064
65082
65122
65123
65125
65132
65133
65134
65151
65152
65156
65169
65175
65190
65247
65293
65294
65357
65406
65417
65425
65443
65526
65561
65575
65583
65587
65606
65656
65681
65689
65694
65696
65697
65699
65720
65732
65742
65743
65787
65793
65820
65838
65845
65849
65891
65894
65917
65926
65941
65953
65964
65973
65978
65990
66009
66020
66027
66029
66030
66046
66047
66057
66062
66081
66086
66125
66166
66173
66178
66182
66199
66227
66234
66239
66248
66253
66254
66259
66262
66271
66311
66316
66318
66354
66361
66362
66363
66364
66378
66394
66398
66417
66444
66463
66473
66482
66494
66509
66515
66522
66523
66536
66552
66556
66557
66573
66590
66591
66597
66605
66608
66625
66638
66683
66686
66689
66690
66691
66723
66748
66749
66760
66768
66812
66853
66879
66882
66901
66902
66913
66924
66932
66952
66958
66979
67015
67027
67031
67050
67064
67069
67077
67096
67108
67193
67252
67284
67462
67496
67499
67528
67673
67703
67704
67717
67719
67720
67756
68000
68337
68380
68408
68424
68425
68468
68482
68498
68509
68512
68517
68541
68544
68561
68591
68594
68624
68700
68704
68715
68717
68718
68719
68739
68817
68937
68939
68952
68973
68986
69015
69019
69030
69054
69106
69128
69141
69152
69211
69284
69489
69513
69544
69550
69551
69559
69580
69582
69589
69594
69596
69597
69599
69610
69612
69623
69626
69633
69639
69640
69641
69644
69652
69658
69661
69696
69710
69721
69723
69729
69730
69735
69748
69771
69773
69798
69802
69809
69813
69823
69832
69836
69841
69842
69853
69862
69874
69880
69881
69882
69883
69886
69896
69897
69901
69907
69914
69915
69916
69925
69931
69936
69940
69944
69954
69955
69968
69969
69975
69982
69989
70003
70005
70019
70022
70024
70034
70036
70047
70074
70086
70100
70121
70125
70128
70130
70134
70208
70614
70617
70624
70784
70992
71016
71027
71031
71035
71043
71411
71430
71435
71454
71552
71861
71899
71916
71920
71924
72126
72251
72436
72491
72571
72952
72996
73030
73050
73059
73062
73075
73076
73078
73083
73087
73103
73108
73140
73144
73164
73166
73172
73173
73180
73187
73190
73206
73213
73237
73247
73260
73264
73277
73279
73321
73338
73465
73530
73806
73857
73914
73962
74082
74087
74090
74093
74265
74500
74537
74656
74671
74879
74922
74934
74959
74960
74992
74993
75008
75011
75029
75052
75056
75101
75103
75114
75122
75180
75184
75209
75219
75229
75255
75291
75292
75295
75313
75314
75315
75369
75446
75464
75475
75539
75551
75565
75566
75588
75630
75646
75659
75663
75682
75694
75695
75696
75764
75791
75799
75826
75834
75836
75851
75870
75881
75932
75997
76000
76005
76010
76018
76027
76031
76045
76048
76059
76060
76077
76155
76171
76174
76229
76230
76231
76232
76427
77011
77038
77147
77177
77411
77570
77588
77625
77628
77638
77925
77990
77991
78003
78056
78061
78153
78183
78232
78241
78277
78291
78294
78297
78298
78301
78351
78357
78406
78480
78550
78554
78566
78571
78593
78599
78600
78602
78619
78622
78629
78633
78636
78648
78649
78653
78654
78659
78684
78788
78789
78922
79127
79163
79174
79178
79202
79203
79216
79231
79233
79270
79271
79272
79274
79335
79336
79344
79394
79395
79546
79570
79577
79578
79706
79710
79741
79748
79749
79754
79755
79759
79760
79762
79932
79964
80001
80034
80040
80084
80179
80202
80203
80207
80225
80241
80316
80322
80382
80386
80394
80398
80549
80554
80562
80576
80580
80624
80681
80685
80698
80758
80762
80802
80832
80835
80843
80859
80864
80871
80892
80915
80917
80947
80952
80953
80954
80974
80978
80983
80987
80992
80997
81002
81008
81033
81034
81104
81131
81161
81168
81176
81180
81262
81263
81264
81266
81351
81371
81387
81432
81437
81440
81510
81546
81577
81581
81582
81592
81600
81628
81667
81697
81702
81716
81720
81784
81822
81826
81836
81851
81855
81862
81897
82098
82104
82137
82154
82157
82158
82164
82167
82176
82195
82201
82210
82214
82261
82271
82277
82305
82356
82368
82392
82407
82425
82441
82468
82470
82595
82636
82665
82676
82683
82702
82715
82751
82765
82775
82778
82809
82814
82816
82831
82854
82869
82920
82967
82968
82986
83019
83020
83024
83029
83050
83141
83164
83172
83202
83235
83261
83276
83297
83346
83347
83362
83371
83374
83375
83379
83392
83402
83478
83494
83495
83604
83608
83620
83624
83640
83644
83685
83706
83821
83823
83827
83828
83832
83837
83838
83839
83849
83989
84031
84032
84101
84115
84131
84133
84137
84142
84155
84175
84202
84203
84283
84308
84344
84399
84410
84417
84435
84567
84573
84612
84640
84643
84681
84698
84769
84773
84792
84820
84822
84878
84880
84919
84945
84946
84976
84993
85059
85060
85124
85180
85225
85233
85238
85242
85246
85247
85252
85295
85314
85368
85402
85504
85559
85585
85586
85667
85676
85770
85774
85819
85865
86014
86018
86050
86052
86053
86198
86282
86289
86292
86294
86302
86306
86328
86347
86360
86366
86386
86394
86420
86432
86443
86448
86464
86466
86496
86565
86569
86617
86618
86731
86735
86747
86765
86767
86772
86784
86785
86790
86791
86799
86800
86836
86837
86867
86876
86881
86886
86888
86889
86890
86900
86915
86926
86929
86941
86949
86950
86957
86982
87006
87107
87117
87164
87167
87168
87171
87172
87224
87226
87229
87233
87250
87252
87261
87276
87278
87285
87287
87299
87317
87327
87333
87343
87344
87351
87356
87367
87369
87374
87379
87385
87387
87404
87406
87413
87425
87439
87447
87455
87460
87463
87468
87482
87523
87538
87543
87549
87552
87555
87558
87561
87566
87567
87595
87628
87643
87651
87658
87673
87680
87691
87696
87703
87704
87711
87738
87740
87748
87751
87758
87766
87768
87798
87801
87808
87815
87830
87833
87838
87839
87840
87873
87882
87891
87901
87903
87915
87971
87995
87998
88008
88018
88022
88033
88037
88139
88141
88142
88146
88147
88161
88165
88166
88169
88171
88178
88200
88201
88208
88212
88217
88218
88236
88237
88240
88242
88243
88253
88268
88273
88291
88364
88443
88539
88542
88565
88566
88579
88594
88655
88664
88668
88670
88671
88715
88723
88727
88740
88747
88780
88781
88825
88880
88902
88924
88932
88947
88959
88972
88978
88982
88984
89005
89027
89033
89057
89067
89080
89147
89185
89197
89199
89245
89256
89269
89289
89295
89296
89299
89335
89348
89352
89355
89398
89416
89492
89520
89528
89560
89569
89579
89584
89586
89591
89639
89711
89793
89836
89859
89872
89908
89916
89917
89918
89919
89929
89945
89946
89958
90042
90346
90365
90404
90412
90424
90425
90609
90746
90751
90754
90758
90771
90841
90917
91420
91421
91445
91446
91455
91605
91607
91625
92320
92388
92563
92650
92863
93265
93723
93908
93936
93975
94024
94025
94027
94381
94414
94420
94429
94509
94523
94551
94556
94559
94560
94562
94603
94633
94816
94861
95072
95103
95128
95135
95138
95144
95146
95221
95241
95243
95268
95307
95373
95379
95467
95485
95534
95537
95587
95588
95600
95637
95790
95792
95812
95818
95841
95842
95982
95986
95990
96006
96010
96064
96087
96146
96229
96242
96347
96423
96522
96531
96541
96594
96682
96736
96769
96814
96817
96834
96835
96838
96845
96851
96859
96864
96880
96885
96902
96905
96908
96910
96918
96919
96922
96926
96929
96936
96943
96949
96951
96965
96968
96982
96983
96987
97009
97019
97020
97023
97031
97035
97036
97050
97068
97070
97082
97120
97128
97137
97160
97161
97164
97177
97186
97187
97190
97191
97194
97204
97247
97255
97331
97333
97470
97471
97520
97729
97812
97855
97857
97907
97963
98027
98218
98355
98487
98493
98496
98501
98510
98549
98599
98600
98630
98718
98719
98720
98762
98799
98918
98924
98987
99048
99051
99068
99069
99079
99080
99086
99087
99116
99139
99298
99380
99381
99382
99383
99387
99388
99389
99396
99398
99451
99500
99563
99583
99611
99619
99638
99705
99715
99716
99731
99737
99755
99762
99766
99795
99817
99862
99868
99891
99900
100078
100104
100133
100170
100235
100316
100349
100360
100385
100429
100434
100524
100526
100747
100843
101064
101072
101100
101128
101133
101158
101166
101171
101172
101184
101187
101203
101207
101219
101222
101263
101274
101281
101323
101382
101387
101405
101415
101419
101465
101548
101655
101949
101982
102049
102152
102172
102203
102207
102211
102212
102230
102235
102248
102284
102295
102306
102331
102334
102339
102340
102348
102394
102396
102495
102541
102584
102636
102648
102652
102693
102697
102699
102728
102736
102786
102810
102811
102812
102819
102823
102888
102913
103039
103070
103076
103077
103078
103088
103090
103104
103111
103112
103128
103173
103202
103203
103206
103255
103264
103287
103295
103428
103441
103458
103461
103557
103822
103856
103859
103863
103865
103877
103881
103883
103903
103904
103905
103909
103911
103912
103913
103914
103917
103930
103962
104030
104175
104184
104199
104200
104202
104377
104382
104419
104469
104497
104500
104607
104691
104782
104824
104854
104856
104866
104889
104908
104911
104916
104928
104965
105000
105002
105028
105081
105084
105090
105147
105207
105239
105286
105353
105436
105490
105494
105509
105535
105713
105763
105841
105842
105851
105866
105868
105949
105958
105980
106058
106169
106173
106225
106228
106267
106271
106308
106309
106366
106374
106385
106463
106471
106539
106570
106574
106579
106597
106638
106641
106642
106647
106669
106707
106819
106871
106895
106943
106974
106981
107005
107021
107106
107107
107111
107143
107150
107174
107212
107280
107281
107374
107414
107422
107479
107494
107550
107560
107561
107563
107565
107575
107582
107587
107656
107694
107731
107782
107783
107820
107822
107833
107855
107861
107868
107869
107875
107901
107959
107960
108043
108044
108045
108075
108080
108085
108086
108137
108142
108209
108216
108225
108261
108273
108274
108280
108281
108285
108291
108292
108293
108296
108297
108298
108301
108309
108313
108329
108332
108352
108353
108357
108364
108368
108385
108394
108409
108417
108429
108440
108441
108442
108451
108458
108460
108462
108465
108467
108479
108487
108489
108492
108500
108527
108546
108551
108556
108591
108595
108607
108613
108889
109010
109060
109080
109282
109465
109514
109530
109534
109785
109789
109852
109926
110047
110108
110115
110133
110145
110159
110191
110227
110265
110276
110284
110514
110650
110654
110688
110801
110809
110848
110937
110964
110982
111052
111065
111097
111187
111373
111381
111386
111496
111498
111507
111518
111528
111531
111535
111536
111543
111555
111609
111645
111851
112006
112019
112029
112030
112047
112048
112055
112093
112101
112102
112182
112188
112194
112203
112251
112252
112260
112272
112472
112478
112480
112607
112656
112662
112758
112772
112818
112961
113032
113412
113420
113427
113648
113663
113688
113715
113751
113813
113943
114057
114102
114187
114206
114211
114646
114937
114997
115013
115108
115200
115204
115334
115349
115353
115400
115515
115857
116049
116089
116193
116303
116343
116359
116453
116475
116498
116528
116535
116552
116589
116676
116706
116714
116807
116813
116814
116876
116879
116889
116910
116945
117072
117221
117258
117350
117436
117638
117652
117690
117705
117706
117809
117899
117903
117942
117993
118138
118193
118215
118350
118363
118365
118434
118442
118475
118590
118597
118683
118918
118938
118982
119061
119279
119345
119365
119369
119512
119517
119521
119523
119524
119912
120123
120150
120151
120154
120369
120372
120709
120985
121064
121072
121074
121087
121088
121090
121093
121095
121096
121097
121113
121508
121517
121523
121537
121542
121547
121550
121555
121615
121846
121869
121872
122390
122431
122437
122444
122457
122492
122493
122498
122502
122514
122520
122525
122550
122558
122609
122620
122636
122655
122671
122673
123147
123171
123176
123187
123190
123191
123199
123210
123286
123412
123444
123452
123460
123463
123488
123499
123522
123526
123733
123745
123771
123785
123791
123800
123806
123866
123875
123883
123891
123912
123959
123962
123977
123978
124007
124052
124072
124193
124197
124201
124272
124278
124281
124286
124292
124297
124329
124378
124381
124387
124792
124799
124803
125444
125486
125500
125506
125535
125537
125541
125637
125646
125929
125933
125942
125949
126057
126121
126156
126179
126189
126277
126278
126279
126310
126390
126403
126404
126443
126454
126473
126508
126509
126517
126535
126555
126600
126661
126744
126760
127068
127268
127321
127369
127393
127394
127462
127478
127977
127997
128134
128290
128293
128298
128312
128315
128316
128321
128385
128403
128412
128437
128452
128479
128486
128588
128590
128597
128652
128661
128678
128681
128693
128726
128763
128764
128787
128817
128851
129038
129065
129155
129263
129830
129904
129921
130265
130695
130768
131269
131340
131378
131393
131443
131450
131472
131494
131506
131511
131549
131556
131632
131634
131654
131677
131686
131689
131690
131694
131745
131746
131978
131985
132023
132029
132037
132038
132040
132041
132048
132067
132069
132073
132079
132082
132114
132115
132237
132247
132556
132576
132577
132711
132717
132740
132773
132846
132861
132906
133112
133113
133115
133131
133348
133439
133590
133594
133600
133730
133774
133784
133801
133874
134663
134666
134684
134733
134782
134786
134890
134900
134948
134990
135012
135032
135084
135114
135244
135462
135468
135525
135538
135546
135587
135597
135617
135642
135657
135681
135686
135746
135747
135755
135773
135847
135848
135854
135888
135889
135911
135928
135943
135945
135953
135955
135979
135996
136009
136029
136070
136071
136088
136096
136104
136165
136169
136172
136193
136194
136225
136228
136268
136282
136291
136345
136366
136367
136374
136384
136392
136393
136402
136422
136441
136442
136482
136541
136566
136609
136624
136636
136648
136666
136671
136699
136725
136736
136779
136781
136844
136850
136953
137001
137010
137022
137025
137056
137080
137099
137124
137127
137128
137134
137178
137186
137207
137209
137277
137293
137296
137307
137361
137392
137393
137457
137458
137470
137471
137473
137494
137497
137499
137510
137521
137527
137544
137555
137558
137577
137589
137594
137606
137607
137615
137623
137639
137640
137644
137652
137653
137655
137667
137673
137682
137700
137701
137702
137712
137721
137724
137725
137730
137741
137748
137763
137772
137782
137796
137798
137810
137814
137897
137899
138283
138314
138326
138332
138355
138360
138405
138411
138755
138770
138780
138809
138822
138826
138992
138998
139002
139017
139024
139031
139044
139051
139059
139090
139093
139100
139117
139267
139269
139271
139717
139755
139762
139764
139765
139781
139790
139797
139804
139829
139837
139883
139884
139955
139964
139979
139985
139986
140066
140140
140143
140174
140193
140194
140204
140211
140212
140233
140248
140273
140274
140278
140319
140361
140382
140435
140456
140537
140539
140613
140864
140865
140866
140953
140956
140981
140985
140986
141246
141280
141318
141446
142019
142035
142046
142122
142135
142241
142300
142523
142721
142753
142783
142798
142808
142853
142861
142888
142892
142896
142898
142913
142915
142920
142922
142926
142929
142931
142932
142936
142944
142958
142960
142967
142969
142974
142978
142979
142994
143004
143009
143016
143021
143046
143059
143060
143061
143066
143075
143091
143102
143118
143126
143128
143140
143167
143168
143175
143181
143182
143183
143213
143227
143240
143241
143242
143243
143268
143275
143288
143294
143308
143312
143316
143342
143348
143354
143356
143358
143362
143365
143378
143379
143382
143406
143408
143415
143424
143455
143497
143516
143525
143582
143618
143619
143670
143687
143745
143762
143773
143777
143784
143786
143802
143809
143815
143821
143822
143826
143831
143842
143859
143863
143869
143881
143882
143883
143889
143901
143902
143908
143912
143919
143943
143944
143957
143967
143971
143981
143983
143985
143986
144005
144011
144012
144015
144017
144018
144024
144032
144040
144044
144047
144049
144051
144054
144056
144080
144083
144090
144091
144092
144095
144101
144112
144115
144130
144133
144134
144149
144156
144157
144158
144162
144174
144179
144185
144190
144210
144228
144232
144233
144240
144251
144257
144258
144261
144276
144282
144296
144298
144301
144306
144308
144318
144334
144348
144349
144351
144373
144377
144390
144391
144398
144406
144411
144414
144417
144422
144427
144436
144440
144450
144474
144481
144483
144491
144501
144519
144527
144541
144546
144550
144593
144602
144629
144646
144650
144690
144693
144708
144756
144759
144782
144805
144823
144844
144845
144847
144858
144871
144922
144924
144941
144951
144977
144981
144998
145016
145033
145048
145049
145076
145093
145115
145148
145218
145226
145237
145247
145284
145292
145296
145305
145313
145343
145370
145371
145380
145396
145401
145432
145433
145450
145502
145504
145512
145514
145628
145631
145632
145638
145643
145673
145687
145688
145689
145696
145701
145704
145710
145716
145717
145718
145719
145735
145736
145742
145745
145802
145819
145914
145971
146043
146050
146056
146096
146107
146112
146120
146122
146209
146235
146340
146370
146416
146567
146573
146583
146587
146589
146590
146591
146594
146615
146624
146655
146672
146700
146709
146711
146765
146768
146827
147077
147097
147106
147115
147124
147127
147146
147208
147213
147248
147265
147272
147281
147315
147325
147353
147380
147394
147397
147398
147414
147415
147523
147525
147552
147556
147565
147569
147572
147577
147602
147617
147633
147699
147717
147721
147733
147741
147815
147817
147831
147837
147844
147852
147856
147877
147882
147887
147892
147898
147967
147984
148003
148095
148115
148174
148226
148237
148261
148289
148305
148312
148314
148318
148325
148326
148330
148374
148394
148412
148422
148442
148450
148462
148463
148537
148565
148579
148584
148604
148615
148618
148635
148640
148652
148659
148664
148669
148723
148727
148728
148734
148735
148739
148740
148741
148770
148772
148775
148780
148783
148812
148815
148897
148908
148919
148920
148934
148962
148983
149050
149090
149166
149185
149242
149267
149269
149296
149310
149315
149317
149319
149348
149351
149364
149369
149378
149383
149396
149398
149400
149416
149424
149439
149458
149459
149480
149488
149492
149494
149496
149505
149509
149527
149534
149535
149538
149547
149556
149557
149564
149565
149571
149590
149604
149611
149617
149618
149619
149620
149623
149687
149705
149706
149708
149793
149922
149924
149928
149933
149934
149938
149965
149971
149973
149983
149986
149988
149997
150000
150014
150016
150044
150047
150071
150073
150075
150077
150080
150152
150175
150196
150199
150201
150202
150223
150231
150233
150280
150299
150301
150305
150306
150311
150319
150343
150346
150369
150375
150407
150408
150414
150419
150420
150421
150439
150457
150458
150465
150489
150538
150543
150606
150652
150656
150659
150660
150663
150679
150723
150727
150736
150757
150764
150773
150785
150794
150811
150817
150862
150865
150877
150884
150892
150899
150916
150925
150936
150951
150963
150974
150977
150995
151002
151019
151023
151086
151100
151114
151135
151156
151157
151179
151271
151328
151335
151364
151365
151375
151416
151486
151490
151496
151520
151528
151530
151531
151532
151538
151544
151545
151550
151575
151577
151579
151586
151589
151612
151694
151754
151788
151795
151802
151819
151840
151855
151870
151893
151917
152003
152016
152019
152032
152037
152312
152330
152346
152407
152462
152470
152568
152577
152579
152583
152620
152637
152647
152654
152677
152687
152717
152767
152769
152782
152854
152856
152922
152945
152950
152992
153028
153098
153185
153186
153208
153214
153221
153223
153235
153263
153280
153336
153345
153346
153372
153374
153378
153438
153454
153473
153477
153480
153485
153498
153503
153524
153531
153534
153537
153547
153562
153563
153621
153626
153633
153634
153650
153663
153664
153673
153674
153687
153694
153701
153705
153706
153714
153716
153717
153727
153730
153732
153740
153761
153769
153783
153790
153798
153799
153800
153828
153835
153850
153873
153894
153895
153898
153905
153917
153923
153926
153942
153943
153946
153951
153958
153961
153965
153971
153974
153985
153987
154011
154032
154033
154036
154060
154068
154089
154090
154091
154094
154096
154110
154114
154119
154133
154141
154149
154157
154165
154173
154178
154182
154183
154196
154218
154244
154250
154251
154254
154264
154280
154287
154294
154297
154304
154308
154338
154351
154372
154391
154401
154407
154422
154433
154438
154439
154481
154483
154511
154520
154533
154541
154555
154559
154562
154563
154565
154576
154577
154578
154583
154591
154595
154606
154607
154620
154640
154643
154658
154662
154664
154673
154701
154717
154765
154775
154783
154784
154787
154788
154793
154800
154804
154805
154812
154829
154830
154836
154837
154844
154850
154851
154857
154866
154868
154887
154901
154909
154911
154927
154939
154941
154944
154952
154953
154956
154960
154968
154969
154971
154974
154976
154978
154983
154988
154989
155001
155020
155025
155028
155033
155034
155042
155066
155091
155095
155104
155115
155125
155129
155132
155142
155149
155151
155165
155183
155192
155196
155204
155208
155212
155218
155225
155231
155235
155237
155249
155254
155287
155288
155331
155336
155347
155351
155374
155377
155403
155411
155419
155422
155451
155455
155462
155483
155522
155583
155591
155643
155647
155652
155656
155658
155660
155662
155666
155689
155697
155698
155703
155737
155749
155768
155770
155773
155794
155796
155798
155801
155804
155805
155813
155817
155820
155822
155825
155826
155845
155858
155865
155866
155869
155871
155873
155881
155882
155906
155925
155931
155982
156007
156009
156045
156054
156056
156063
156083
156136
156137
156141
156247
156270
156276
156282
156319
156332
156409
156417
156438
156464
156469
156478
156482
156555
156713
156717
156914
156917
156941
156954
156961
156970
156974
157040
157128
157136
157139
157156
157157
157159
157161
157163
157195
157205
157219
157227
157231
157248
157272
157280
157291
157312
157326
157328
157330
157331
157350
157355
157368
157378
157379
157382
157383
157416
157447
157466
157472
157478
157581
157592
157617
157781
157808
157811
157812
157852
157883
157971
157983
157989
157990
158018
158019
158081
158117
158143
158144
158177
158266
158269
158295
158296
158311
158421
158850
159650
159749
160170
160407
160514
160670
160701
161169
161314
161344
161374
161381
161389
161394
161483
161680
161984
162092
162101
162110
162181
162696
162708
162713
162720
162733
162757
162777
163560
163564
163609
163627
164110
164301
164349
164500
164614
164634
165042
165421
165422
165510
165544
165548
165552
165565
165602
165661
165665
165764
165825
165833
165959
166095
166113
166461
166464
166467
166469
166481
166523
166758
166957
167053
167081
167095
167116
167151
167309
167442
167443
167458
167459
167463
167472
167478
167485
167486
167500
167520
167553
167664
167687
167689
167694
167696
167701
167829
167945
167976
168142
168601
168658
168695
168737
168877
168935
168988
168990
169006
169011
169016
169018
169026
169086
169099
169104
169150
169165
169279
169453
169454
169462
169483
169517
169579
169580
169590
169592
169608
169625
169877
169878
169882
169886
169887
169888
169889
169890
169891
169899
169907
169926
169989
169991
169995
170192
170193
170197
170325
170336
170353
170368
170387
170393
170470
170474
170505
170506
170512
170516
170524
170629
170662
170815
170839
170874
170891
170898
170955
171011
171186
171211
171239
171358
171509
171526
171754
171764
171765
171785
171843
171862
171892
171976
172052
172063
172149
172150
172163
172192
172210
172221
172225
172394
172491
172529
172818
172908
173089
173174
173318
173395
173424
173431
173629
173640
173686
174064
174161
174240
174301
174393
174451
174539
174545
174593
174594
174885
174918
174969
174975
175120
175129
175184
175198
175201
175205
175207
175221
175225
175229
175232
175244
175253
175262
175270
175276
175334
175423
175489
175597
175606
175649
175726
175727
175732
175737
175748
175753
175754
175763
175779
175785
175798
175799
175809
175812
175851
175857
175859
175871
175895
175938
175941
175944
175950
175996
176149
176284
176300
176348
176392
176398
176411
176420
176425
176433
176439
176447
176466
176609
176811
176881
176940
176952
176957
176959
176965
176980
176984
177024
177025
177026
177028
177049
177057
177061
177104
177108
177112
177114
177151
177208
177278
177279
177304
177325
177371
177376
177386
177403
177419
177550
177574
177583
177593
177651
177802
177880
177918
178045
178049
178090
178101
178104
178179
178235
178279
178314
178412
178455
178457
178662
178667
178747
178752
178787
178791
178820
178827
178925
179217
179221
179258
179327
179344
179421
179593
179630
179694
179710
179714
179720
179746
179765
179930
179933
179985
180014
180021
180027
180038
180302
180474
180591
180616
180630
180654
180733
180749
180760
180774
180785
180842
180885
180908
180932
180961
180975
180977
180979
180985
180987
181026
181036
181038
181040
181065
181072
181197
181227
181229
181230
181242
181253
181254
181262
181268
181278
181283
181298
181314
181325
181339
181374
181380
181384
181512
181530
181540
181541
181582
181625
181628
181649
181696
181871
181876
181879
181991
182005
182074
182118
182134
182208
182216
182221
182230
182234
182240
182257
182265
182329
182335
182388
182398
182399
182402
182406
182426
182441
182442
182468
182479
182510
182563
182570
182606
182620
182692
182730
182774
182792
182873
182889
182908
182913
182921
183073
183134
183144
183145
183171
183251
183255
183261
183399
183403
183405
183447
183454
183460
183464
183500
183524
183526
183527
183551
183556
183584
183601
183609
183613
183614
183624
183627
183664
183676
183683
183686
183716
183721
183722
183730
183731
183742
183748
183750
183761
183767
183770
183800
183817
183867
183908
183951
183956
183958
183959
183961
183968
183970
183995
184004
184007
184049
184090
184109
184113
184125
184127
184146
184167
184171
184179
184217
184281
184295
184298
184308
184316
184328
184332
184337
184346
184353
184374
184375
184388
184424
184563
184569
184613
184614
184616
184625
184637
184642
184648
184664
184665
184669
184677
184705
184706
184712
184718
184731
184766
184769
184785
184811
184812
184818
184838
184839
184856
184857
184866
184880
184896
184900
184918
184924
184942
184950
184973
184985
184989
185002
185006
185010
185030
185045
185066
185074
185078
185079
185083
185087
185089
185115
185116
185117
185118
185128
185155
185158
185167
185179
185181
185186
185198
185231
185271
185278
185282
185285
185286
185301
185308
185315
185320
185322
185324
185336
185436
185537
185790
185797
185800
185893
186015
186022
186057
186068
186210
186321
186503
186504
186505
186707
186801
186802
186821
186837
186844
186877
186897
186902
186909
186912
186919
186928
186938
186949
186955
186971
186979
186984
187030
187074
187075
187097
187105
187110
187173
187182
187192
187196
187202
187213
187224
187228
187229
187230
187233
187234
187236
187248
187268
187313
187348
187349
187376
187377
187430
187456
187462
187498
187500
187503
187505
187557
187577
187661
187663
187668
187674
187685
187686
187695
187696
187698
187710
187711
187775
187855
187921
187949
187998
188074
188079
188095
188096
188135
188138
188165
188179
188180
188181
188186
188275
188279
188290
188377
188382
188485
188492
188493
188550
188660
188664
188717
188764
188847
189093
189095
189132
189167
189402
189471
189490
189498
189570
189587
189714
189849
189891
189899
190027
190046
190050
190061
190065
190084
190108
190153
190225
190233
190238
190252
190254
190280
190338
190382
190420
190424
190451
190462
190475
190493
190494
190511
190523
190532
190536
190537
190539
190579
190580
190610
190624
190643
190660
190672
190705
190717
190725
190728
190889
190905
190911
191232
191369
191393
191528
191531
191549
191563
191573
191584
191687
191804
191901
191940
191949
191957
192165
192495
192551
192555
192560
192586
192587
192591
192942
192947
192967
192975
192978
192988
192996
192998
193010
193034
193039
193052
193068
193080
193085
193092
193096
193098
193099
193102
193107
193118
193129
193133
193149
193150
193159
193163
193176
193177
193197
193227
193230
193235
193253
193262
193268
193281
193289
193291
193301
193312
193319
193338
193353
193384
193395
193537
193543
193552
193871
193872
193876
193877
193920
193946
193963
193964
193980
194172
194400
194403
194441
194464
194502
194503
194515
194516
194530
194532
194536
194540
194568
194584
194647
194670
194696
194755
194783
194785
194872
194874
194900
194910
194914
194919
194920
194921
194923
194924
194932
194949
195006
195014
195018
195042
195106
195137
195140
195189
195231
195238
195699
195709
195734
195766
195814
195815
195816
195817
195823
195984
196013
196018
196182
196191
196216
196323
196373
196446
196527
196531
196567
196581
196639
196649
196677
196723
196757
196905
196926
197005
197064
197094
197165
197168
197170
197171
197215
197248
197288
197311
197398
197421
197428
197431
197436
197457
197459
197460
197469
197470
197476
197494
197500
197520
197540
197667
197806
197807
197813
197837
197850
197869
197873
197875
197889
197891
197911
197917
197919
197924
197925
197936
197938
197950
197955
197957
197973
198014
198015
198023
198042
198056
198062
198069
198071
198074
198076
198082
198083
198084
198085
198098
198104
198107
198142
198167
198187
198249
198256
198326
198327
198347
198590
198610
198640
198837
198843
198925
198997
199139
199145
199169
199175
199191
199211
199212
199315
199349
199350
199362
199366
199598
199604
199615
199681
199687
199702
199733
199748
199751
199755
199770
199783
199796
199798
199799
199805
199816
199828
199854
199860
199862
199863
199899
199906
199910
199919
199921
199923
199927
199928
199929
199934
199945
199964
199979
199983
199992
199996
199999
200003
200007
200016
200025
200033
200046
200051
200064
200069
200095
200104
200107
200123
200124
200125
200128
200152
200177
200187
200201
200205
200213
200217
200227
200232
200244
200255
200257
200270
200277
200282
200300
200301
200302
200307
200313
200335
200340
200349
200369
200371
200375
200381
200395
200399
200418
200419
200445
200451
200471
200504
200505
200506
200512
200515
200525
200526
200532
200548
200555
200556
200559
200561
200562
200568
200571
200575
200577
200584
200587
200589
200591
200609
200613
200623
200626
200633
200635
200640
200660
200663
200668
200679
200680
200681
200684
200695
200700
200701
200708
200721
200734
200735
200736
200737
200757
200768
200775
200777
200778
200779
200790
200804
200805
200808
200817
200825
200827
200841
200854
200862
200866
200867
200868
200875
200877
200880
200882
200886
200897
200914
200915
200917
200925
200928
200948
200959
200960
200965
200969
200976
200977
200978
200979
200980
200984
200990
200992
201001
201004
201010
201014
201015
201018
201019
201020
201028
201032
201042
201043
201046
201050
201052
201055
201056
201057
201065
201069
201074
201079
201084
201095
201100
201104
201108
201109
201113
201117
201128
201129
201159
201161
201164
201175
201176
201179
201180
201181
201188
201189
201190
201195
201197
201204
201207
201212
201223
201224
201228
201230
201231
201232
201239
201241
201246
201247
201248
201250
201258
201259
201260
201263
201268
201269
201270
201284
201289
201291
201295
201302
201306
201310
201323
201333
201340
201346
201351
201355
201358
201359
201363
201364
201365
201373
201391
201399
201403
201417
201425
201440
201453
201458
201464
201466
201467
201469
201471
201488
201490
201502
201512
201517
201523
201527
201549
201551
201562
201569
201573
201583
201584
201589
201591
201601
201626
201632
201650
201654
201656
201658
201660
201663
201664
201677
201691
201693
201697
201699
201709
201710
201723
201724
201725
201731
201732
201742
201744
201746
201754
201762
201777
201779
201783
201793
201795
201798
201813
201814
201831
201839
201840
201842
201845
201851
201857
201861
201865
201866
201869
201877
201902
201904
201908
201910
201912
201914
201917
201938
201939
201942
201944
201951
201959
201961
201967
201973
201981
201992
201994
201997
202010
202025
202036
202037
202038
202042
202047
202052
202064
202095
202099
202109
202114
202126
202129
202132
202137
202139
202140
202142
202154
202157
202161
202166
202169
202170
202171
202181
202182
202183
202186
202191
202192
202208
202211
202218
202227
202235
202248
202251
202254
202258
202260
202279
202289
202290
202291
202292
202298
202303
202313
202321
202332
202334
202337
202338
202341
202343
202346
202359
202361
202365
202391
202395
202401
202412
202425
202428
202429
202430
202434
202446
202456
202462
202466
202468
202470
202480
202485
202486
202498
202504
202512
202513
202514
202519
202523
202533
202536
202537
202542
202543
202548
202561
202562
202563
202565
202567
202568
202570
202573
202577
202596
202598
202600
202602
202603
202604
202609
202618
202620
202624
202631
202633
202644
202659
202669
202678
202683
202689
202691
202713
202730
202736
202739
202741
202747
202755
202761
202772
202779
202785
202792
202805
202808
202825
202827
202831
202837
202840
202841
202852
202859
202862
202863
202866
202872
202875
202880
202885
202891
202892
202902
202910
202913
202914
202942
202946
202947
202950
202952
202974
202979
202990
202995
202998
203002
203010
203014
203015
203016
203019
203058
203063
203074
203077
203117
203133
203142
203147
203152
203153
203158
203190
203191
203199
203215
203217
203218
203219
203244
203247
203254
203260
203281
203287
203288
203289
203290
203294
203296
203305
203314
203318
203319
203331
203334
203335
203336
203338
203341
203348
203350
203373
203375
203378
203382
203389
203402
203403
203406
203412
203433
203439
203441
203449
203452
203459
203461
203462
203464
203470
203480
203483
203484
203486
203494
203496
203498
203501
203504
203515
203522
203526
203527
203534
203542
203544
203562
203569
203577
203587
203595
203601
203608
203618
203629
203631
203633
203671
203707
203721
203726
203752
203758
203761
203762
203770
203778
203787
203789
203798
203812
203821
203827
203841
203849
203857
203862
203867
203871
203881
203885
203903
203906
203908
203917
203924
203940
203948
203954
203956
203974
203977
203981
203985
204009
204022
204024
204029
204035
204038
204053
204064
204067
204095
204097
204110
204115
204119
204154
204172
204187
204188
204199
204206
204210
204224
204229
204232
204240
204248
204261
204271
204272
204274
204278
204284
204285
204288
204290
204292
204295
204297
204302
204315
204320
204322
204325
204335
204344
204353
204356
204369
204388
204392
204407
204411
204412
204417
204425
204432
204451
204454
204463
204465
204469
204475
204485
204490
204497
204501
204537
204556
204557
204559
204561
204562
204565
204567
204575
204576
204581
204585
204586
204595
204603
204609
204610
204621
204622
204626
204627
204628
204629
204631
204632
204633
204634
204642
204643
204644
204651
204652
204662
204663
204664
204668
204680
204693
204694
204702
204707
204715
204731
204737
204738
204750
204757
204761
204765
204767
204772
204774
204787
204789
204794
204812
204814
204817
204823
204833
204837
204839
204853
204858
204859
204860
204867
204874
204876
204879
204886
204890
204891
204892
204899
204901
204909
204915
204921
204922
204924
204925
204936
204937
204946
204947
204959
204963
204964
204967
204972
204973
204975
204977
204980
204988
204989
205000
205001
205004
205006
205017
205020
205023
205024
205028
205046
205048
205056
205064
205068
205071
205072
205081
205084
205088
205095
205097
205101
205111
205112
205113
205123
205128
205129
205134
205144
205146
205152
205173
205175
205187
205189
205197
205198
205202
205210
205213
205227
205249
205251
205260
205262
205267
205268
205271
205277
205285
205287
205290
205302
205312
205325
205333
205351
205380
205388
205399
205406
205420
205435
205437
205442
205443
205446
205461
205463
205474
205475
205479
205481
205483
205485
205489
205491
205498
205503
205507
205517
205529
205531
205535
205537
205540
205541
205542
205547
205548
205549
205560
205561
205562
205563
205568
205577
205583
205588
205596
205619
205640
205646
205663
205667
205689
205694
205695
205705
205717
205739
205745
205764
205795
205801
205806
205810
205813
205817
205822
205827
205830
205836
205837
205855
205861
205867
205870
205873
205884
205908
205921
205924
205926
205927
205930
205954
205962
205967
205992
206026
206032
206049
206054
206057
206064
206069
206084
206085
206089
206093
206098
206101
206103
206104
206107
206112
206129
206131
206134
206138
206169
206175
206176
206188
206189
206190
206192
206196
206203
206207
206229
206245
206246
206250
206252
206253
206254
206259
206263
206264
206265
206269
206273
206275
206284
206287
206295
206302
206303
206333
206345
206353
206355
206362
206365
206366
206369
206380
206382
206393
206404
206407
206409
206415
206418
206421
206427
206430
206436
206439
206442
206443
206446
206453
206457
206459
206478
206492
206503
206509
206518
206520
206524
206525
206535
206541
206546
206549
206554
206561
206575
206576
206577
206580
206581
206603
206606
206611
206622
206665
206697
206706
206708
206713
206720
206726
206727
206729
206763
206777
206778
206786
206800
206812
206837
206840
206847
206867
206870
206877
206878
206879
206883
206891
206912
206924
206941
206952
206953
206955
206969
206972
206976
206980
206987
206997
207010
207014
207043
207087
207094
207104
207112
207113
207137
207147
207245
207284
207348
207353
207392
207395
207475
207520
207530
207627
207659
207674
207837
207862
207878
207891
208038
208159
208218
208222
208225
208270
208341
208371
208561
208616
208638
208694
208834
208862
208992
209054
209058
209124
209172
209192
209219
209231
209237
209321
209322
209346
209348
209361
209362
209381
209449
209510
209538
209545
209551
209553
209604
209605
209644
209648
209814
209873
209883
209895
209945
210025
210026
210028
210128
210153
210157
210175
210177
210183
210184
210189
210205
210288
210293
210310
210353
210583
210834
210863
210905
210938
210976
210997
211015
211047
211048
211061
211064
211239
211276
211299
211304
211352
211363
211365
211388
211415
211452
211454
211456
211459
211460
211491
211552
211654
211668
211674
211675
211756
211891
211892
211907
211911
212060
212110
212111
212139
212141
212142
212163
212184
212188
212238
212248
212264
212268
212273
212281
212284
212289
212291
212300
212303
212309
212317
212366
212383
212401
212402
212405
212411
212414
212416
212420
212426
212427
212493
212517
212518
212527
212539
212575
212626
212652
212683
212896
212954
212972
212986
212987
213009
213194
213197
213206
213214
213217
213229
213233
213234
213246
213247
213262
213285
213492
213532
213534
213549
213552
213558
213560
213563
213568
213569
213570
213583
213584
213587
213592
213603
213606
213623
213629
213738
213759
213764
213766
213769
213783
213801
213838
213847
213851
213855
213866
213871
213885
213890
213895
213924
213927
213938
213943
213962
213975
214077
214097
214103
214211
214217
214218
214256
214259
214260
214267
214337
214339
214340
214345
214347
214378
214383
214384
214391
214394
214397
214402
214418
214422
214424
214427
214439
214453
214476
214491
214508
214509
214510
214515
214520
214521
214593
214601
214676
214686
214708
214709
214723
214755
214835
215268
215365
215536
215635
215697
215699
215783
215788
215792
216017
216339
216342
216617
216638
216843
216850
216859
216879
216888
216891
216922
216924
216929
216936
216940
216944
216950
216962
216964
216986
216991
216994
217002
217007
217008
217012
217018
217028
217032
217043
217067
217077
217081
217082
217089
217095
217124
217168
217191
217248
217249
217250
217256
217271
217290
217315
217318
217322
217326
217331
217339
217350
217355
217358
217361
217365
217372
217380
217384
217386
217400
217403
217415
217428
217431
217459
217476
217479
217481
217495
217499
217501
217514
217515
217536
217551
217556
217559
217576
217578
217580
217589
217609
217613
217633
217657
217681
217686
217694
217695
217696
217701
217702
217716
217724
217739
217742
217749
217754
217760
217767
217770
217778
217793
217801
217808
217812
217817
217829
217830
217832
217834
217846
217851
217864
217883
217884
217964
217968
217971
217982
217999
218000
218003
218011
218019
218034
218035
218038
218047
218053
218086
218098
218111
218113
218122
218130
218133
218138
218170
218174
218175
218178
218188
218225
218240
218261
218272
218277
218289
218302
218311
218324
218329
218331
218336
218376
218397
218401
218411
218416
218422
218429
218436
218471
218512
218543
218547
218571
218573
218586
218589
218592
218593
218600
218603
218621
218623
218634
218639
218654
218673
218682
218684
218689
218718
218726
218736
218737
218753
218759
218763
218822
218838
218866
218879
218881
218885
218910
218916
218933
218966
218968
218971
218978
218979
218993
219028
219042
219053
219060
219072
219075
219082
219086
219096
219100
219104
219107
219113
219121
219127
219135
219139
219150
219153
219163
219187
219197
219204
219215
219228
219234
219236
219240
219257
219260
219269
219276
219285
219296
219297
219300
219304
219305
219366
219382
219388
219393
219394
219396
219399
219408
219413
219416
219421
219469
219470
219472
219481
219482
219491
219496
219500
219505
219506
219511
219512
219513
219544
219548
219550
219553
219558
219591
219600
219627
219630
219631
219639
219643
219644
219655
219669
219673
219703
219771
219781
219782
219798
219814
219865
219892
219896
219912
219951
219954
219955
219958
219959
220011
220022
220034
220035
220039
220044
220064
220078
220083
220092
220138
220150
220163
220164
220192
220193
220201
220204
220210
220218
220224
220238
220245
220253
220254
220255
220260
220264
220290
220313
220370
220377
220383
220392
220412
220413
220414
220432
220459
220505
220509
220530
220531
220535
220565
220569
220579
220655
221058
221059
221128
221142
221145
221194
221212
221255
221469
221474
221481
221489
221491
221529
221534
221546
221573
221787
222086
222096
222114
222121
222127
222150
222181
222187
222197
222205
222206
222209
222215
222223
222230
222248
222257
222258
222262
222269
222272
222281
222283
222295
222325
222330
222345
222378
222382
222394
222429
222431
222433
222452
222457
222459
222463
222466
222473
222481
222495
222501
222507
222516
222525
222531
222538
222550
222551
222552
222554
222562
222567
222568
222574
222582
222586
222603
222607
222736
222742
222747
222786
222787
222788
222801
222826
222840
223165
223213
223229
223236
223295
223409
223447
223471
223474
223483
223535
223662
223668
223708
223719
223735
223766
223781
223783
223789
223808
223836
223844
223921
223999
224025
224030
224106
224109
224130
224156
224173
224181
224193
224201
224212
224223
224232
224300
224306
224309
224321
224337
224338
224430
224438
224459
224478
224481
224494
224510
224539
224546
224547
224548
224549
224608
224625
224631
224644
224670
224748
224773
224824
224842
224888
224899
224900
224902
224905
224916
224929
224946
224947
224951
225002
225055
225081
225115
225150
225162
225194
225297
225299
225306
225352
225456
225475
225498
225513
225519
225520
225541
225548
225555
225693
225762
225767
225774
225782
225785
225828
225830
225832
225843
225844
225854
225855
225856
225859
225920
225932
226126
226141
226149
226227
226229
226234
226425
226489
226495
226518
226520
226531
226546
226551
226587
226646
226652
226719
226790
226871
226956
227207
227244
227497
227522
227533
227534
227535
227634
227680
227699
227703
227760
227833
227842
228085
228086
228102
228104
228449
228525
228564
228570
228613
228614
228736
228738
228739
228756
228763
228772
228810
228856
228870
228896
228897
228899
228932
229181
229206
229220
229235
229246
229267
229272
229311
229329
229334
229337
229363
229380
229399
229428
229437
229438
229439
229441
229447
229452
229455
229456
229462
229465
229486
229516
229542
229545
229575
229577
229633
229654
229669
229690
229695
229722
229767
229798
229802
229804
229805
229864
229866
229889
229896
229916
229918
229919
229923
229951
229972
229990
229991
230012
230029
230036
230037
230043
230055
230059
230065
230071
230082
230153
230180
230183
230184
230195
230200
230202
230207
230215
230219
230224
230226
230228
230239
230279
230285
230289
230290
230311
230328
230330
230336
230341
230370
230406
230451
230461
230473
230487
230494
230516
230517
230561
230599
230618
230738
230757
230791
230799
230841
230863
230864
230876
230891
230892
230905
230913
230923
230934
230936
230944
230960
230967
230984
231051
231062
231142
231143
231146
231180
231190
231253
231295
231337
231338
231355
231382
231389
231393
231404
231405
231409
231447
231588
231596
231658
231659
231660
231711
231717
231735
231777
231778
231780
231789
231792
231819
231825
231835
231838
231843
231847
231898
231917
231918
231925
231934
231935
231939
231945
231950
231952
231953
231954
231956
231957
231979
231989
232002
232005
232019
232020
232021
232047
232071
232128
232151
232152
232154
232165
232191
232214
232230
232234
232237
232245
232258
232269
232290
232291
232293
232298
232302
232312
232357
232372
232376
232377
232381
232384
232385
232388
232398
232479
232500
232515
232525
232568
232582
232584
232589
232598
232606
232611
232614
232615
232621
232623
232632
232686
232706
232717
232718
232728
232743
232746
232794
232872
232919
232987
232994
233005
233030
233036
233041
233074
233095
233135
233156
233168
233170
233189
233190
233193
233194
233195
233203
233243
233250
233252
233255
233260
233262
233263
233267
233277
233281
233301
233307
233312
233324
233335
233336
233341
233344
233347
233365
233367
233369
233381
233386
233401
233414
233418
233420
233428
233438
233448
233452
233453
233486
233494
233510
233514
233515
233529
233544
233545
233549
233553
233572
233577
233596
233599
233600
233604
233605
233618
233619
233623
233642
233656
233659
233660
233665
233678
233682
233683
233684
233690
233691
233717
233723
233730
233731
233738
233768
233771
233806
233810
233858
233862
233863
233898
233902
233907
233916
233918
233973
233978
234015
234028
234039
234046
234073
234085
234086
234090
234100
234101
234106
234121
234127
234209
234213
234217
234220
234233
234238
234251
234257
234344
234365
234370
234383
234390
234399
234405
234415
234423
234426
234430
234431
234444
234462
234467
234473
234479
234495
234504
234509
234664
234796
234886
234891
234905
235092
235209
235743
235752
235855
235859
235924
236269
236278
236284
236361
236363
236471
236472
236486
236489
236571
236697
236708
236710
236712
236736
236740
236747
236787
236796
236808
236810
236833
236981
236983
237034
237073
237082
237087
237110
237123
237189
237190
237198
237222
237275
237281
237304
237413
237426
237429
237445
237446
237452
237453
237469
237503
237511
237512
237513
237533
237575
237599
237655
237773
237783
237786
237828
237829
237847
237852
237933
237971
237994
238016
238020
238021
238037
238050
238057
238058
238065
238082
238093
238097
238122
238135
238146
238147
238148
238167
238503
238532
238534
238659
238695
238704
238706
238707
238766
238818
238857
238870
238876
238879
238884
238888
238899
238902
238903
238906
238913
238921
238922
238925
238928
238931
238934
238937
238959
238977
239004
239066
239102
239194
239217
239218
239221
239223
239225
239226
239241
239424
239427
239429
239430
239519
239600
239620
239686
239754
239797
239807
239823
239981
239998
240007
240027
240033
240066
240081
240082
240093
240095
240123
240131
240132
240133
240173
240220
240229
240273
240436
240453
240471
240476
240503
240523
240549
240566
240591
240593
240618
240627
240653
240655
240673
240699
240700
240705
240732
240738
240739
240741
240746
240755
240783
240789
240792
240808
240823
240826
240828
240846
240851
240852
240870
240896
240916
240929
241098
241180
241199
241433
241441
241458
241488
241524
241554
241656
241659
241666
241754
241875
241981
241993
241999
242004
242036
242049
242052
242111
242117
242120
242122
242129
242132
242135
242136
242137
242148
242154
242165
242166
242168
242177
242186
242194
242200
242213
242229
242236
242244
242247
242283
242293
242302
242308
242321
242327
242328
242357
242362
242378
242380
242399
242401
242410
242412
242429
242433
242434
242437
242440
242443
242448
242492
242506
242509
242512
242515
242516
242519
242520
242543
242546
242548
242551
242572
242593
242597
242616
242622
242625
242629
242649
242690
242743
242797
242814
242815
243213
243254
243275
243291
243346
243384
243448
243449
243533
243553
243561
243574
243583
243619
243630
243631
243679
243686
243702
243704
243718
243726
243744
243745
243747
243748
243759
243760
243777
243822
243852
243858
243860
243868
243878
243890
243898
243956
243974
243977
243979
244043
244044
244058
244076
244129
244130
244161
244192
244242
244249
244255
244260
244267
244268
244280
244288
244304
244308
244334
244340
244357
244360
244364
244367
244384
244389
244398
244405
244420
244423
244433
244437
244439
244447
244452
244456
244461
244466
244474
244477
244480
244485
244493
244507
244527
244531
244562
244570
244572
244577
244587
244589
244593
244596
244600
244602
244605
244617
244622
244634
244636
244638
244639
244641
244645
244652
244655
244696
244705
244731
244734
244738
244739
244755
244773
244775
244835
244839
244863
244871
244886
244892
244893
244894
244909
244935
244939
244952
244963
244964
244965
244975
244978
244982
244984
244985
244989
244997
244999
245010
245011
245020
245021
245024
245025
245027
245046
245066
245080
245126
245133
245136
245138
245149
245153
245159
245206
245210
245218
245226
245227
245231
245234
245237
245239
245251
245256
245291
245305
245306
245324
245329
245333
245335
245349
245355
245356
245366
245376
245412
245420
245427
245434
245437
245441
245449
245459
245460
245462
245485
245487
245488
245504
245505
245511
245516
245525
245539
245568
245572
245575
245581
245582
245601
245616
245617
245632
245655
245663
245664
245670
245680
245698
245744
245769
245787
245788
245790
245803
245817
245831
245846
245908
245942
245948
245981
245990
245996
246001
246016
246024
246025
246038
246042
246047
246055
246066
246071
246073
246082
246108
246116
246119
246120
246129
246133
246141
246143
246144
246157
246158
246160
246176
246182
246184
246185
246204
246207
246220
246255
246298
246333
246367
246368
246371
246407
246414
246426
246443
246456
246471
246474
246489
246495
246523
246577
246591
246597
246627
246663
246672
246673
246728
246734
246747
246751
246756
246772
246776
246794
246800
246825
246844
246861
246866
246896
246920
246921
246977
246987
246990
246992
246994
246996
247021
247025
247048
247069
247080
247089
247108
247139
247150
247156
247172
247175
247182
247200
247201
247209
247230
247242
247257
247261
247262
247272
247273
247276
247277
247281
247302
247312
247327
247328
247333
247346
247365
247366
247379
247383
247431
247433
247434
247435
247474
247480
247482
247487
247498
247502
247508
247521
247585
247611
247642
247653
247654
247664
247665
247705
247721
247742
247750
247759
247776
247777
247819
247826
247829
247831
247833
247841
247848
247853
247866
247871
247873
247876
247877
247883
247884
247889
247901
247905
247906
247920
247933
247940
247979
247983
247989
248008
248017
248021
248038
248074
248076
248077
248088
248099
248137
248141
248143
248148
248149
248152
248174
248190
248209
248218
248230
248231
248239
248263
248283
248299
248363
248409
248417
248627
248704
248776
248849
248852
248869
248887
248888
248901
249036
249043
249047
249048
249087
249093
249097
249104
249124
249125
249220
249222
249255
249289
249293
249318
249324
249330
249338
249388
249398
249412
249424
249426
249457
249465
249472
249473
249480
249502
249503
249507
249556
249573
249579
249589
249602
249623
249646
249661
249664
249667
249672
249703
249707
249718
249729
249735
249749
249750
249769
249784
249837
249841
249852
249859
249873
249888
249901
249917
249967
249976
249977
250002
250004
250006
250007
250012
250058
250059
250060
250088
250089
250090
250105
250108
250121
250137
250190
250210
250213
250215
250221
250245
250253
250279
250338
250346
250421
250423
250426
250510
250511
250521
250560
250562
250579
250583
250617
250621
250627
250630
250636
250673
250739
250753
250768
250771
250789
250813
250817
250821
250837
250871
250873
250877
250879
250886
250887
250907
250908
250912
250950
250955
250958
250959
250975
251040
251058
251059
251060
251062
251070
251082
251134
251138
251202
251203
251286
251304
251326
251327
251338
251360
251371
251375
251393
251400
251401
251431
251434
251440
251441
251449
251501
251507
251510
251513
251543
251585
251593
251605
251622
251641
251642
251647
251666
251667
251668
251688
251697
251698
251700
251717
251721
251723
251729
251740
251793
251795
251803
251809
251823
251824
251833
251838
251839
251841
251855
251856
251869
251894
251897
251900
251913
251924
251925
251926
251939
251940
251944
251946
251948
251974
251977
251986
251999
252004
252006
252028
252038
252051
252056
252079
252083
252086
252126
252155
252158
252187
252207
252218
252224
252238
252320
252342
252419
252492
252532
252542
252549
252559
252563
252568
252585
252601
252605
252607
252621
252645
252653
252654
252662
252677
252679
252696
252697
252699
252702
252703
252709
252711
252726
252730
252732
252738
252743
252753
252755
252772
252781
252789
252797
252801
252803
252805
252808
252820
252822
252828
252840
252856
252861
252867
252870
252872
252873
252875
252878
252888
252891
252897
252902
252903
252906
252908
252911
252914
252932
252936
252939
252968
252971
252985
252990
252991
252997
253017
253020
253029
253037
253039
253046
253049
253061
253062
253063
253065
253073
253074
253075
253077
253078
253082
253100
253103
253107
253111
253119
253134
253136
253138
253139
253140
253141
253145
253176
253183
253184
253187
253195
253202
253203
253207
253214
253221
253226
253254
253258
253266
253267
253269
253270
253275
253276
253279
253282
253285
253286
253289
253294
253310
253316
253317
253321
253323
253333
253335
253338
253346
253356
253357
253361
253365
253386
253387
253394
253420
253457
253458
253467
253483
253524
253529
253530
253532
253533
253537
253538
253539
253543
253549
253553
253564
253566
253568
253571
253577
253593
253615
253618
253622
253630
253641
253642
253647
253648
253649
253659
253681
253701
253702
253714
253717
253720
253725
253736
253808
253814
253817
253818
253824
253826
253850
253854
253855
253860
253903
253925
253933
253942
253945
253950
254278
254288
254428
254431
254443
254455
254456
254566
254740
254806
254945
254949
255013
255184
255225
255450
255513
255592
255594
255595
255596
255632
255633
255665
255674
255682
255685
255723
255725
255728
255747
255758
255791
255807
255857
255889
255928
255938
255942
255947
255991
256035
256042
256058
256075
256076
256078
256080
256100
256115
256126
256177
256197
256198
256203
256239
256344
256354
256379
256391
256402
256407
256409
256410
256429
256435
256437
256455
256465
256466
256475
256479
256489
256493
256497
256506
256515
256521
256525
256537
256539
256540
256541
256543
256553
256555
256577
256580
256595
256596
256709
256772
256787
256793
256814
256887
256896
256904
257002
257021
257176
257184
257198
257232
257290
257293
257376
257377
257395
257529
257535
257581
257601
257625
257651
257658
257659
257661
257664
257669
257670
257672
257674
257684
257687
257692
257695
257699
257700
257702
257707
257708
257711
257714
257718
257757
257775
257794
257795
257945
257964
258137
258200
258229
258242
258244
258248
258266
258368
258418
258419
258425
258468
258471
258477
258479
258480
258483
258487
258489
258504
258507
258513
258514
258523
258527
258537
258563
258569
258603
258613
258617
258628
258637
258639
258640
258646
258654
258655
258660
258667
258668
258740
258745
259104
259177
259213
259263
259503
259608
259611
259767
259885
259911
260261
260283
260290
260305
260308
260309
260315
260328
260329
260359
260363
260372
260387
260417
260424
260460
260464
260465
260531
260610
260667
260668
260712
260724
260765
260769
260778
260783
260785
260787
260790
260842
260856
260857
260883
260895
260896
260938
260939
260971
261014
261155
261257
261287
261387
261393
261394
261400
261424
261428
261451
261455
261456
261459
261461
261511
261540
261577
261585
261586
261695
261729
261732
261755
261786
261898
261933
261963
261967
261971
261988
262000
262009
262011
262012
262020
262043
262044
262045
262056
262068
262096
262097
262112
262120
262121
262124
262126
262136
262137
262147
262159
262172
262179
262180
262193
262197
262204
262208
262226
262227
262243
262244
262253
262254
262258
262259
262265
262272
262276
262294
262301
262308
262405
262441
262446
262453
262462
262506
262510
262511
262523
262531
262534
262549
262550
262553
262565
262568
262569
262572
262622
262671
262675
262846
262888
262889
262909
262910
262919
262948
262949
262981
262990
263047
263054
263055
263056
263074
263081
263083
263140
263152
263153
263156
263158
263319
263326
263341
263490
263561
263608
263666
263706
263740
263785
263821
263862
263874
263877
263978
263986
263990
263997
264024
264045
264110
264121
264122
264150
264182
264183
264186
264191
264202
264217
264240
264403
264442
264447
264537
264550
264572
264669
264675
264681
264717
264733
264771
264779
264780
264783
264889
264895
264914
264917
264959
264960
264964
264965
264982
264998
265001
265021
265028
265038
265039
265050
265068
265069
265083
265086
265098
265142
265143
265162
265181
265188
265205
265239
265244
265250
265255
265286
265290
265296
265301
265302
265307
265312
265322
265327
265347
265348
265359
265360
265413
265432
265452
265503
265588
265612
265690
265822
265879
265978
265984
265985
265986
265998
266035
266038
266044
266051
266057
266069
266141
266167
266184
266190
266232
266248
266266
266270
266285
266305
266356
266366
266393
266396
266472
266481
266503
266543
266568
266732
266749
266764
266795
266813
266830
266841
266923
266995
267041
267082
267130
267197
267217
267315
267326
267344
267355
267375
267385
267406
267426
267455
267471
267489
267491
267508
267509
267517
267534
267570
267581
267582
267587
267606
267629
267663
267682
267733
267736
267737
267738
267794
267873
267933
268000
268052
268080
268212
268249
268296
268307
268319
268327
268345
268355
268410
268431
268524
268525
268535
268540
268560
268620
268629
268712
268777
268778
268796
268801
268802
268822
268830
268845
268854
268857
268858
268859
268929
268930
268935
268951
268968
269024
269026
269077
269083
269086
269088
269115
269137
269311
269314
269344
269362
269363
269471
269475
269484
269509
269512
269514
269526
269527
269529
269533
269555
269585
269611
269617
269618
269631
269637
269638
269650
269651
269676
269677
269684
269693
269698
269705
269713
269714
269716
269717
269718
269725
269731
269734
269738
269746
269752
269770
269855
269880
269881
269901
269926
269949
269963
270025
270056
270081
270091
270119
270260
270264
270290
270346
270354
270355
270359
270361
270363
270364
270417
270575
270658
270769
270777
270793
270794
270825
270826
270831
270855
270857
270903
270915
270918
270946
270978
270999
271050
271070
271074
271081
271085
271092
271098
271169
271171
271172
271181
271187
271191
271212
271213
271326
271327
271411
271440
271550
271693
271887
271889
272261
272340
272448
272625
272626
272630
272637
272639
272640
272641
272644
272759
272805
272853
272972
272975
272978
273311
273368
273505
273506
273634
273845
274219
274321
274346
274652
274869
274876
274881
274891
275024
275032
275043
275051
275065
275073
275081
275087
275195
275196
275197
275200
275202
275243
275259
275260
275261
275275
275276
275280
275282
275283
275288
275296
275341
275362
275388
275767
275772
275864
275908
275920
276050
276067
276198
276214
276229
276240
276245
276490
276588
276682
276730
276739
276751
276752
276757
276984
277063
277161
277164
277175
277176
277239
277245
277264
277265
277346
277373
277382
277522
277599
277601
277606
277610
277622
277680
277829
278069
278183
278184
278277
278397
278402
278413
278414
278417
278496
278503
278506
278510
278546
278595
278636
278730
278797
278798
278800
278842
278880
278885
278948
278955
279013
279018
279039
279040
279057
279085
279088
279089
279108
279110
279123
279126
279128
279144
279149
279265
279293
279299
279313
279346
279354
279363
279364
279365
279381
279401
279402
279441
279443
279476
279496
279559
279562
279564
279565
279583
279605
279614
279654
279692
279695
279712
279722
279732
279746
279747
279771
279783
279784
279786
279800
279809
279868
279883
279900
279904
279921
280104
280188
280397
280544
280574
280652
280670
280684
280737
280865
280869
280883
280887
280894
281067
281117
281124
281176
281197
281345
281397
281448
281582
281625
281662
281696
281700
281715
281722
281748
281759
281774
281775
281783
281866
282093
282099
282183
282199
282205
282259
282335
282348
282352
282408
282409
282484
282492
282496
282555
282558
282565
282570
282573
282584
282595
282601
282604
282606
282617
282636
282644
282645
282671
282675
282677
282687
282697
282701
282706
282707
282719
282732
282739
282743
282752
282767
282771
282775
282779
282782
282787
282800
282811
282812
282814
282819
282820
282825
282836
282845
282846
282851
282863
282874
282901
282910
282923
282932
282940
282947
282950
282955
282964
282982
283007
283022
283031
283036
283037
283042
283044
283053
283063
283079
283090
283091
283098
283104
283110
283116
283119
283131
283156
283167
283182
283187
283192
283194
283202
283207
283217
283220
283240
283261
283269
283285
283287
283292
283294
283299
283317
283330
283338
283342
283388
283393
283413
283420
283432
283437
283447
283453
283455
283460
283466
283468
283488
283489
283491
283508
283515
283517
283527
283529
283534
283543
283561
283583
283592
283596
283613
283632
283637
283640
283644
283662
283663
283671
283695
283710
283714
283718
283720
283721
283724
283729
283734
283754
283760
283766
283771
283773
283787
283828
283832
283847
283858
283860
283871
283878
283885
283887
283903
283912
283914
283941
283951
283956
283960
283979
283993
284011
284186
284189
284190
284193
284201
284276
284295
284303
284345
284346
284349
284351
284421
284515
284557
284623
284629
284632
284651
284678
284701
284702
284705
284723
284727
284768
284871
284905
284929
284937
284979
284980
284984
285043
285047
285050
285056
285060
285071
285076
285079
285081
285085
285146
285155
285159
285163
285218
285219
285220
285223
285267
285301
285305
285354
285355
285390
285397
285402
285409
285411
285412
285415
285418
285421
285423
285425
285427
285428
285440
285602
285688
285724
285772
285788
285801
285951
285962
286071
286074
286127
286131
286180
286457
286661
286824
287051
287146
287153
287786
287935
288033
288074
288268
288326
288591
288596
288821
288834
288934
288943
289036
289089
289094
289103
289107
289112
289122
289124
289135
289150
289154
289156
289343
289366
289379
289425
289493
289519
289524
289526
289540
289589
289704
289710
289790
289793
289795
289889
289895
289949
289982
289985
289989
289999
290002
290582
290583
290788
290995
291216
291243
291277
291323
291335
291338
291341
291361
291528
291552
291785
292102
292145
292574
292615
292800
293158
293174
293649
293703
293720
293770
293794
293796
293800
293802
293950
294094
294146
294173
294225
294239
294285
294291
294317
294345
294352
294392
294398
294401
294463
294586
294677
294678
294686
294834
294875
294962
295008
295009
295010
295023
295042
295048
295157
295247
295316
295568
295573
295587
295616
295622
295768
295803
296001
296192
296201
296334
296344
296372
296377
296440
296444
296445
296492
296493
296504
296510
296538
296539
296589
296771
296794
296798
296810
296819
296822
296823
296827
296828
296833
296838
296864
296940
296967
297025
297033
297039
297040
297046
297053
297063
297064
297065
297074
297078
297079
297118
297144
297149
297152
297187
297277
297531
297563
297630
297671
297697
297712
297715
297722
297734
297752
297754
297755
297762
297769
297785
297893
297894
297897
297902
297908
297915
297921
297996
298019
298022
298028
298035
298047
298308
298346
298354
298360
298368
298501
298512
298519
298520
298538
298594
298595
298615
298848
298979
299237
299271
299275
299276
299291
299293
299314
299472
299498
299607
299646
299803
299805
299845
299860
299991
300057
300067
300170
300227
300232
300358
300361
300368
300372
300373
300377
300379
300387
300391
300392
300393
300394
300401
300501
300661
300717
300727
300900
300906
300988
301043
301105
301106
301160
301241
301248
301256
301267
301290
301313
301321
301343
301346
301360
301374
301375
301393
301425
301426
301436
301445
301452
301457
301461
301473
301476
301489
301505
301551
301557
301560
301626
301676
301679
301683
301690
301694
301734
301741
301756
301855
301980
301986
302054
302255
302325
302340
302446
302449
302521
302556
302561
302564
302567
302571
302572
302577
302586
302617
302706
302951
303013
303014
303026
303077
303090
303094
303110
303210
303246
303280
303281
303294
303296
303348
303472
303488
303519
303523
303531
303536
303540
303543
303546
303557
303562
303587
303673
303718
303719
303839
303842
303852
303893
303927
303929
303948
303985
303987
304007
304064
304065
304111
304114
304270
304276
304278
304371
304530
304542
304668
304673
304711
304712
304713
304729
304744
304745
304746
304758
304763
304768
304769
304774
304782
304783
304785
304793
304795
304799
304828
304836
304839
304842
304845
304851
304858
304861
304921
304932
304942
304949
305013
305017
305021
305041
305090
305099
305112
305116
305117
305129
305131
305136
305141
305145
305147
305158
305165
305167
305171
305176
305179
305191
305197
305215
305227
305229
305247
305250
305262
305287
305299
305310
305314
305326
305334
305341
305342
305343
305349
305354
305357
305361
305363
305366
305372
305452
305459
305466
305470
305471
305474
305476
305497
305508
305512
305534
305546
305566
305572
305604
305609
305617
305653
305663
305680
305698
305726
305736
305741
305774
305775
305801
305802
305804
305813
305825
305827
305837
305863
305870
305883
305886
305909
305945
305963
305964
305966
305989
305994
306002
306054
306058
306110
306116
306130
306137
306152
306187
306200
306225
306238
306241
306256
306286
306288
306309
306313
306353
306355
306370
306375
306378
306389
306390
306391
306392
306399
306427
306444
306449
306450
306460
306464
306465
306485
306514
306520
306541
306557
306638
306660
306670
306677
306678
306714
306763
306772
306825
306827
306837
306843
306852
306860
306871
306872
306873
306875
306885
306886
306888
306893
306900
306916
306918
306923
306952
306981
306989
306994
307015
307017
307041
307053
307061
307068
307070
307071
307072
307075
307163
307164
307167
307172
307184
307193
307195
307215
307246
307310
307320
307333
307404
307407
307409
307413
307447
307684
307708
307725
307769
307834
307842
307849
307953
307970
307974
307986
307992
308018
308041
308042
308043
308049
308075
308076
308085
308089
308104
308169
308181
308186
308190
308191
308193
308197
308206
308210
308215
308236
308242
308259
308263
308268
308273
308275
308276
308278
308283
308285
308290
308315
308322
308332
308337
308338
308343
308344
308345
308347
308349
308350
308351
308352
308360
308363
308399
308403
308413
308498
308798
308841
308858
308861
308862
308865
308866
308888
308897
308898
308900
308913
308915
308918
308925
308926
308933
308940
308945
308951
308954
308959
308960
308961
308962
308964
308970
308973
308975
308978
308983
308984
308996
309005
309009
309044
309057
309068
309070
309075
309089
309116
309118
309124
309155
309162
309165
309174
309175
309177
309193
309198
309214
309218
309224
309229
309252
309254
309255
309267
309270
309277
309283
309284
309287
309292
309302
309306
309311
309317
309319
309322
309328
309330
309335
309341
309344
309345
309346
309349
309351
309354
309359
309361
309367
309373
309376
309392
309402
309406
309410
309413
309417
309423
309429
309434
309438
309439
309441
309442
309445
309452
309471
309479
309485
309489
309509
309524
309533
309536
309542
309577
309580
309582
309587
309595
309601
309603
309617
309619
309626
309630
309635
309640
309651
309654
309662
309664
309666
309672
309673
309685
309689
309691
309692
309693
309701
309706
309710
309715
309720
309725
309728
309730
309755
309758
309761
309763
309764
309773
309786
309792
309793
309805
309813
309816
309822
309831
309842
309852
309854
309881
309885
309887
309890
309908
309909
309910
309915
309919
309922
309927
309928
309931
309935
309950
309962
309965
309969
309971
309979
309981
309986
309995
310004
310006
310008
310018
310019
310029
310033
310044
310054
310058
310060
310063
310071
310107
310118
310123
310139
310142
310146
310147
310153
310162
310163
310170
310171
310175
310190
310193
310194
310199
310203
310207
310216
310228
310255
310261
310266
310267
310275
310277
310287
310290
310296
310297
310298
310310
310315
310324
310325
310326
310328
310329
310331
310335
310353
310357
310367
310370
310376
310380
310392
310408
310428
310452
310457
310473
310478
310486
310503
310553
310591
310593
310610
310631
310646
310650
310675
310698
310709
310710
310717
310719
310720
310722
310751
310756
310770
310776
310794
310795
310808
310831
310833
310835
310846
310848
310857
310858
310954
311052
311121
311151
311221
311284
311290
311312
311324
311334
311340
311360
311390
311397
311891
312264
312372
312557
312572
312580
312607
312611
312616
312621
312635
312636
312653
312662
312693
312698
312704
312715
312716
312780
312818
312827
312920
312923
312936
312947
312955
312958
312968
313017
313046
313049
313053
313102
313229
313260
313292
313339
313354
313361
313392
313420
313428
313430
313490
313530
313533
313646
313692
313718
313720
313788
313793
313855
313877
313882
313903
313916
314052
314056
314058
314412
314476
314508
314626
315159
315221
315518
315592
315664
315738
315842
315940
315948
315990
315993
316012
316258
316509
316532
316574
316593
316828
316829
316830
316832
316841
316850
316863
316874
316952
316962
316965
316975
316985
316988
316993
317026
317040
317045
317051
317057
317074
317077
317090
317102
317130
317144
317147
317173
317267
317282
317299
317451
317476
317479
317483
317487
317501
317558
317653
317658
317665
317686
317761
317786
317891
317917
318023
318040
318062
318067
318093
318094
318095
318098
318124
318129
318131
318144
318170
318171
318193
318194
318196
318226
318230
318259
318263
318276
318278
318301
318303
318318
318410
318411
318412
318463
318466
318467
318468
318470
318568
318607
318610
318619
318622
318651
318677
318679
318706
318759
318817
318826
318827
318839
318844
318855
318862
318877
318882
318886
318895
318897
318903
318904
318949
318951
318965
318966
318991
319000
319001
319004
319014
319066
319077
319099
319128
319158
319288
319315
319343
319345
319348
319354
319357
319363
319415
319436
319439
319446
319449
319521
319523
319526
319531
319558
319593
319599
319602
319716
319718
319774
319791
319792
319806
319829
319871
319879
319885
319909
319920
319960
319977
320022
320076
320149
320167
320169
320177
320182
320189
320194
320203
320211
320230
320235
320250
320251
320253
320259
320262
320263
320265
320284
320287
320297
320303
320306
320317
320325
320336
320342
320346
320351
320357
320363
320383
320443
320619
320620
320635
320648
320649
320681
320683
320725
320728
320739
320767
320807
320808
320811
320874
320929
320996
321017
321018
321023
321033
321038
321041
321100
321105
321112
321136
321151
321155
321216
321339
321424
321432
321438
321449
321451
321503
321662
321691
321698
321700
321814
321866
321870
321876
321884
321901
321902
321931
321933
321959
321982
322031
322036
322037
322179
322549
322676
322861
322863
322864
322868
322869
322870
322971
323088
323100
323109
323111
323147
323780
323862
323979
324007
324080
324089
324091
324448
324549
324659
324713
324774
325314
325348
325353
325534
325545
325550
325557
325562
325563
325565
325568
325574
325589
325595
325600
325601
325608
325611
325652
325672
325683
325728
325729
325732
325733
325736
325737
325740
325765
325775
325833
325952
325974
326108
326121
326129
326131
326144
326151
326152
326162
326176
326180
326196
326197
326200
326201
326218
326223
326230
326233
326234
326235
326247
326255
326261
326281
326293
326308
326338
326343
326349
326352
326354
326369
326380
326385
326430
326431
326441
326450
326452
326457
326463
326483
326493
326494
326498
326504
326508
326531
326540
326541
326545
326548
326549
326553
326557
326559
326569
326579
326580
326581
326601
326637
326640
326646
326650
326655
326666
326680
326682
326683
326685
326688
326698
326702
326715
326718
326721
326729
326744
326754
326763
326767
326770
326774
326775
326831
326842
326843
326848
326854
326871
326914
326917
326935
327005
327010
327016
327044
327116
327172
327220
327304
327336
327380
327448
327453
327456
327526
327601
327611
327708
327714
327715
327758
327777
327780
327811
327812
327816
327821
327856
327859
327863
327871
327878
327900
327906
327917
327922
327930
327938
327941
327958
328035
328053
328055
328111
328120
328132
328135
328308
328319
328352
328364
328389
328413
328508
328582
328595
328598
328602
328603
328689
328733
328742
328743
328744
328761
328783
328930
328987
328988
329037
329079
329150
329153
329154
329197
329202
329226
329234
329276
329295
329312
329328
329334
329335
329336
329515
329564
329571
329572
329588
329589
329619
329636
329707
329708
329990
329997
330079
330101
330160
330355
330359
330362
330365
330384
330388
330397
330398
330401
330413
330493
330539
330540
330733
330778
330804
330811
330877
331018
331077
331283
331284
331339
331342
331360
331625
331725
331891
332050
332064
332066
332081
332147
332172
332198
332262
332284
332446
332453
332557
332656
332671
332711
332712
332720
332724
332735
332739
332740
332747
332750
332756
332766
332770
332772
332773
332775
332784
332791
332797
332800
332806
332808
332809
332810
332818
332826
332828
332846
332847
332851
332852
332856
332857
332867
332872
332873
332875
332878
332886
332887
332900
332905
332922
332934
332937
332942
332967
333014
333066
333076
333216
333234
333241
333245
333250
333266
333269
333289
333295
333297
333300
333301
333306
333308
333310
333328
333334
333335
333341
333351
333363
333369
333371
333372
333374
333416
333426
333432
333446
333453
333464
333470
333503
333525
333526
333528
333531
333535
333550
333562
333573
333575
333593
333595
333610
333619
333629
333663
333673
333687
333697
333714
333720
333721
333722
333723
333737
333738
333762
333765
333782
333790
333816
333823
333830
333832
333860
333883
333884
333893
333903
333904
333907
333908
333911
333913
333914
333943
333956
333962
333963
333965
333967
333992
333998
333999
334000
334007
334011
334012
334018
334021
334023
334027
334029
334066
334075
334077
334090
334120
334121
334122
334125
334129
334159
334166
334191
334192
334214
334223
334228
334262
334265
334273
334275
334276
334294
334298
334308
334316
334320
334328
334336
334354
334366
334371
334375
334417
334450
334527
334536
334555
334589
334603
334642
334653
334655
334663
334676
334685
334724
334731
334747
334771
334774
334796
334827
334838
334874
334876
334881
334897
334917
335031
335053
335138
335180
335191
335207
335245
335253
335278
335280
335314
335318
335339
335342
335347
335357
335394
335425
335449
335453
335472
335501
335527
335540
335560
335586
335639
335655
335667
335679
335691
335713
335714
335735
335768
335771
335772
335779
335784
335796
335813
335834
335850
335852
335874
335900
336036
336039
336050
336052
336067
336074
336077
336082
336101
336140
336147
336152
336156
336158
336162
336166
336171
336181
336183
336184
336220
336229
336230
336231
336239
336245
336248
336251
336256
336270
336272
336280
336282
336286
336299
336302
336305
336310
336317
336325
336336
336343
336358
336359
336360
336367
336371
336375
336378
336383
336399
336419
336427
336435
336441
336442
336447
336462
336466
336469
336485
336493
336499
336531
336533
336541
336542
336556
336561
336567
336581
336595
336600
336601
336602
336613
336616
336619
336626
336627
336635
336636
336641
336646
336648
336653
336654
336655
336662
336664
336666
336667
336692
336700
336705
336708
336719
336724
336725
336731
336732
336735
336737
336742
336744
336746
336754
336759
336767
336769
336777
336809
336817
336833
336842
336876
336890
336923
336929
336930
336945
336954
336980
337011
337022
337025
337059
337060
337061
337066
337067
337115
337151
337159
337164
337299
337300
337333
337350
337351
337356
337374
337376
337381
337382
337386
337429
337465
337475
337477
337486
337496
337497
337507
337524
337526
337528
337538
337547
337562
337576
337580
337582
337584
337586
337588
337601
337614
337620
337631
337640
337648
337649
337654
337669
337671
337686
337710
337730
337740
337767
337774
337803
337811
337846
337856
337875
337879
337882
337883
337885
337889
337935
337941
338004
338006
338015
338017
338018
338024
338031
338063
338088
338092
338096
338101
338102
338117
338118
338140
338150
338153
338204
338209
338214
338219
338247
338254
338289
338339
338343
338380
338387
338390
338392
338395
338405
338408
338430
338461
338467
338484
338495
338515
338532
338535
338541
338551
338554
338580
338587
338616
338644
338647
338668
338680
338681
338706
338712
338718
338733
338747
338749
338755
338759
338779
338797
338798
338813
338831
338865
338889
338914
338917
338922
338928
338938
338944
339003
339027
339038
339042
339052
339056
339062
339064
339066
339071
339073
339087
339090
339092
339096
339114
339116
339157
339164
339177
339180
339194
339231
339254
339256
339268
339281
339282
339284
339288
339303
339322
339323
339325
339327
339329
339333
339337
339339
339345
339363
339373
339380
339387
339402
339410
339420
339430
339431
339438
339443
339446
339448
339456
339459
339486
339499
339518
339556
339559
339591
339598
339601
339602
339604
339639
339642
339661
339662
339663
339703
339732
339850
339857
339862
339865
339869
339886
339891
339910
339912
339926
339932
339959
339962
339965
340000
340002
340003
340010
340045
340048
340061
340104
340124
340141
340143
340146
340170
340196
340198
340206
340211
340219
340226
340263
340299
340306
340313
340358
340385
340391
340395
340409
340418
340437
340457
340460
340466
340471
340472
340473
340480
340482
340506
340511
340526
340529
340531
340533
340573
340579
340580
340598
340600
340621
340625
340645
340647
340649
340672
340676
340677
340705
340708
340709
340713
340718
340726
340727
340736
340746
340748
340752
340802
340822
340830
340835
340849
340851
340859
340895
340904
340924
340951
340955
340970
340991
340994
340996
341006
341016
341037
341048
341052
341097
341150
341193
341201
341207
341222
341250
341253
341370
341374
341382
341385
341386
341392
341395
341401
341411
341423
341470
341513
341529
341531
341537
341560
341565
341577
341582
341588
341592
341646
341650
341683
341811
341821
341823
341834
341852
341865
341867
341870
341943
341975
342049
342051
342060
342063
342083
342107
342112
342116
342142
342171
342184
342208
342227
342236
342268
342278
342311
342314
342346
342384
342386
342418
342451
342519
342541
342546
342554
342557
342580
342603
342640
342699
342716
342747
342768
342808
342816
342817
342821
342825
342827
342828
342831
342843
342852
342870
342884
342923
342924
342926
342928
342936
342942
342966
342997
343002
343006
343062
343063
343064
343070
343114
343120
343135
343154
343176
343178
343213
343228
343232
343234
343240
343256
343263
343266
343271
343277
343285
343291
343298
343307
343311
343312
343316
343322
343356
343373
343397
343415
343437
343521
343523
343528
343537
343545
343546
343550
343555
343557
343571
343573
343577
343592
343595
343596
343597
343601
343603
343607
343609
343610
343618
343621
343622
343632
343633
343634
343636
343637
343649
343655
343656
343660
343668
343669
343670
343673
343676
343713
343714
343721
343722
343732
343787
343788
343821
343827
343866
343938
343941
343964
343967
343976
343980
343984
343993
343994
343995
343997
344037
344062
344115
344188
344205
344298
344345
344384
344404
344434
344438
344463
344507
344526
344542
344621
344639
344683
344687
344690
344758
344762
344766
344769
344780
344786
344809
344827
344828
344839
344853
344854
344883
344895
344930
344933
344938
344941
344958
344961
344972
344977
344989
345007
345036
345040
345049
345050
345056
345059
345064
345072
345080
345081
345082
345089
345094
345101
345103
345116
345126
345132
345134
345138
345145
345153
345159
345161
345189
345191
345199
345230
345235
345240
345242
345281
345316
345330
345332
345342
345368
345377
345380
345382
345420
345491
345495
345511
345543
345558
345564
345574
345596
345602
345615
345618
345624
345627
345632
345639
345660
345679
345687
345715
345720
345724
345750
345751
345768
345816
345822
345825
345834
345853
345861
345878
345895
345919
345922
345929
345962
345983
345985
346003
346014
346025
346028
346037
346050
346054
346064
346068
346083
346088
346100
346113
346127
346134
346174
346200
346209
346260
346262
346265
346268
346287
346305
346307
346319
346324
346335
346353
346358
346380
346381
346399
346400
346431
346454
346467
346496
346525
346527
346530
346539
346549
346554
346572
346574
346576
346602
346608
346615
346624
346627
346632
346652
346679
346685
346702
346706
346711
346715
346718
346721
346722
346723
346725
346726
346746
346749
346876
346877
346882
346928
346946
346975
347001
347015
347018
347024
347040
347041
347048
347052
347078
347084
347098
347113
347115
347120
347123
347126
347131
347147
347149
347152
347155
347177
347179
347196
347199
347212
347219
347227
347231
347236
347251
347255
347269
347275
347280
347296
347300
347327
347333
347357
347365
347379
347385
347390
347392
347400
347404
347409
347416
347420
347427
347441
347442
347482
347492
347493
347494
347496
347502
347508
347522
347524
347526
347539
347552
347557
347565
347572
347578
347583
347586
347592
347606
347614
347623
347643
347670
347678
347746
347750
347782
347784
347787
347822
347903
347905
347938
347976
347982
347995
348019
348020
348041
348042
348045
348047
348054
348059
348061
348066
348067
348072
348083
348096
348098
348111
348146
348149
348153
348158
348168
348169
348180
348201
348203
348204
348205
348207
348212
348228
348249
348258
348282
348291
348300
348318
348338
348342
348353
348354
348361
348368
348373
348374
348410
348422
348424
348432
348458
348464
348466
348468
348479
348480
348488
348518
348539
348556
348566
348571
348587
348590
348603
348619
348620
348622
348625
348627
348638
348639
348667
348673
348677
348689
348692
348698
348705
348717
348756
348764
348788
348805
348813
348894
348896
348898
349001
349033
349049
349060
349099
349117
349119
349126
349138
349146
349157
349162
349165
349173
349175
349183
349198
349215
349218
349228
349273
349276
349291
349330
349342
349346
349367
349387
349405
349409
349411
349415
349418
349441
349477
349478
349506
349522
349596
349611
349617
349640
349648
349656
349660
349738
349753
349763
349840
349861
349976
350010
350028
350035
350038
350055
350064
350084
350103
350152
350165
350251
350273
350281
350286
350328
350333
350345
350368
350381
350387
350389
350435
350465
350473
350475
350478
350484
350531
350546
350547
350567
350570
350601
350637
350703
350711
350713
350746
350773
350803
350809
350894
350897
350908
350925
350934
350950
350968
350976
350984
351026
351039
351044
351066
351071
351080
351083
351093
351096
351117
351135
351142
351162
351168
351170
351193
351206
351211
351218
351222
351226
351228
351233
351249
351250
351273
351275
351290
351291
351294
351312
351316
351323
351336
351350
351377
351391
351399
351413
351418
351426
351427
351434
351445
351448
351450
351453
351491
351517
351520
351557
351571
351581
351597
351631
351639
351694
351704
351720
351729
351732
351734
351755
351757
351765
351778
351784
351815
351888
351962
351976
351985
351999
352014
352029
352034
352046
352057
352059
352062
352065
352068
352073
352075
352076
352081
352083
352084
352089
352092
352094
352098
352100
352104
352107
352109
352117
352156
352208
352227
352271
352292
352299
352360
352366
352373
352400
352408
352448
352454
352462
352482
352494
352496
352502
352510
352512
352551
352554
352556
352574
352607
352609
352614
352667
352671
352676
352681
352698
352726
352731
352739
352757
352773
352782
352787
352789
352914
352921
352943
352950
352990
353029
353146
353155
353201
353248
353279
353293
353302
353819
353937
354155
354156
354171
354201
354205
354253
354322
354361
354372
354374
354386
354397
354398
354402
354405
354409
354410
354426
354429
354437
354444
354448
354449
354464
354465
354538
354895
354899
354923
354981
354984
354986
355002
355005
355034
355035
355036
355084
355089
355234
355258
355385
355389
355459
355496
355517
355529
355557
355560
355562
355563
355592
355783
355811
355837
355940
356136
356226
356268
356277
356280
356364
356390
356563
356564
356567
356577
356578
356864
356892
356898
356966
356990
357053
357057
357067
357076
357078
357080
357085
357090
357105
357110
357111
357113
357117
357189
357228
357375
357385
357404
357524
357531
357534
357581
357596
357641
357669
357724
357729
357750
357754
357755
357828
357830
357855
357857
357885
357886
357967
357970
358072
358235
358303
358331
358350
358374
358431
358464
358482
358484
358593
358631
358707
358721
358729
358744
358834
358915
359107
359180
359183
359185
359189
359338
359370
359393
359397
359419
359446
359474
359476
359485
359493
359517
359557
359616
359641
359651
359791
359895
359903
359934
359936
360064
360073
360076
360111
360148
360403
360425
360447
360501
361315
361504
361553
361713
361714
361935
362021
362045
362451
362459
362460
362468
362481
362484
362725
362738
362769
362868
362957
363106
363111
363379
363420
363635
363698
363774
363918
364139
364221
364241
364373
364376
364632
364835
364848
364910
365856
365942
366215
366262
366484
366491
366529
366764
366906
367106
367116
367120
367122
367131
367141
367154
367155
367166
367170
367173
367229
367260
367353
367385
367531
367542
367552
368619
368623
368825
368849
369094
369143
369149
369214
369268
369299
369328
369608
369632
369637
369718
369719
369764
369767
369798
369859
369881
369953
369957
369958
370001
370025
370028
