270
273
281
282
452
1019
1074
1079
1204
1231
1294
1321
1327
1373
1535
1599
1605
1636
1639
1642
1646
1656
1679
1720
1808
1887
1959
1997
2006
2056
2074
2094
2097
2144
2145
2159
2177
2270
2291
2307
2319
2322
2335
2342
2351
2352
2425
2531
2534
2541
2677
2679
2729
2808
2841
2869
2919
2924
2926
2965
2990
3064
3106
3119
3150
3159
3176
3182
3331
3573
3696
3700
3721
3724
3735
3746
3754
3878
3885
4143
4149
4380
4381
4382
4406
4445
4607
4619
4767
4822
4823
4908
4977
4983
4997
5096
5108
5250
5396
5461
5469
5517
5530
5701
5983
6061
6072
6099
6418
6419
6475
6551
6710
7779
8101
8241
8469
8538
8567
8671
8687
8728
8894
9265
9272
9298
9433
9441
9443
9477
9565
9569
9636
9714
9792
9892
9895
9928
9962
9966
10006
10173
10259
10377
10395
10399
10453
10454
10487
10603
10624
10865
10878
10890
10897
10932
10953
10992
11071
11285
11286
11349
11350
11366
11470
11485
11508
11517
11575
11578
11596
11610
11630
11636
11838
11893
11997
12232
12354
12382
12392
12405
12473
12474
12525
12537
12544
12588
12711
12723
12724
12726
12746
12748
12778
12791
12948
12949
12970
12998
13025
13091
13224
13301
13345
13366
13474
13475
13488
13678
13679
13682
13712
13757
13758
13760
13944
14004
14028
14138
14147
14161
14165
14170
14197
14203
14209
14268
14302
14313
14406
14417
14422
14443
14445
14464
14465
14474
14475
14486
14502
14506
14510
14515
14520
14546
14554
14555
14561
14562
14565
14566
14567
14571
14576
14578
14587
14594
14611
14619
14625
14649
14664
14676
14690
14714
14757
14762
14783
14788
14799
14810
14814
14852
14860
14861
14863
14882
14883
14884
14889
14892
14904
14908
14909
14951
14963
14966
14967
14976
14987
15012
15020
15087
15099
15101
15108
15137
15139
15178
15186
15247
15253
15276
15282
15288
15289
15290
15306
15330
15364
15388
15414
15438
15439
15442
15447
15453
15460
15461
15463
15501
15518
15524
15527
15533
15549
15567
15580
15581
15592
15671
15672
15690
15694
15696
15732
15740
15741
15748
15749
15756
15761
15768
15774
15799
15835
15855
15869
15882
15883
15890
15968
15969
15971
15977
15998
15999
16001
16002
16013
16015
16027
16032
16033
16043
16068
16070
16077
16079
16092
16097
16135
16154
16155
16160
16161
16183
16212
16214
16215
16216
16228
16232
16242
16262
16272
16280
16297
16300
16319
16321
16345
16429
16746
16860
17045
17181
17246
17256
17277
17293
17314
17395
17422
17425
17587
17616
17628
17650
17651
17744
17886
17913
17930
17936
17944
17983
18019
18228
18524
18605
18632
18705
18716
18736
18769
18794
18870
18883
18889
18893
18921
18922
18946
18956
18969
19052
19087
19326
19429
19532
19561
19594
19691
19696
19707
19719
19734
20070
20224
20301
20361
20397
20401
20419
20421
20437
20452
20454
20496
20500
20522
20530
20539
20541
20543
20562
20574
20616
20641
20950
21690
21760
21832
21954
21956
22034
22067
22111
22115
22192
22195
22207
22214
22216
22220
22279
22474
22520
22521
22522
22613
22665
22764
22853
23083
23119
23254
23394
23510
23524
23730
23743
23744
23750
23783
23836
23840
23841
23871
23883
23890
23909
23911
23913
23923
23944
23949
23953
24002
24016
24036
24040
24053
24073
24084
24109
24118
24185
24188
24198
24199
24202
24219
24243
24251
24264
24268
24269
24294
24298
24304
24317
24329
24354
24363
24366
24368
24381
24386
24409
24410
24413
24418
24428
24434
24438
25088
25284
25358
25405
25406
25621
25681
25684
25914
26081
26085
26096
26100
26108
26111
26117
26122
26617
26660
26665
26666
26668
26863
28097
28158
28342
28402
28403
28450
28517
28526
28541
28544
28623
28624
28628
28764
28891
28927
28949
28964
29014
29018
29666
30514
31256
31277
31553
31646
31721
31723
31742
31784
31791
31799
31812
31817
31824
31829
33239
33254
33277
33281
33296
33305
33319
33320
33326
33327
33420
33540
34225
34234
34235
34240
34292
34332
34336
34374
34403
34436
34438
34457
34458
34490
34503
34522
34607
34610
34964
35033
35089
35134
35515
35587
35626
35688
35916
35917
35919
35940
35946
35951
35956
35966
35974
35979
36077
36205
36220
36276
36285
36346
36631
36632
37317
37398
37466
38540
38691
38876
38878
38927
38945
39239
39242
39246
39255
39266
39279
39280
39282
39283
39298
39299
39303
39316
39324
39340
39342
39344
39457
39477
39699
39704
39715
39721
39722
39726
40008
40179
40943
41015
41036
41148
41193
41194
41205
41211
41220
41223
41237
41244
41850
42256
42261
42359
42544
42870
42941
42951
43495
43529
43899
44155
44434
44793
44795
44877
44879
44898
44920
45232
45243
45250
45428
45441
45495
45924
45959
46197
46389
46566
46592
46802
46841
46846
46881
47056
47436
47440
47485
47497
47642
47661
47663
47708
47758
47766
47792
47806
47816
47819
47828
47834
47835
48210
48392
48394
48401
48415
48416
48695
49180
49241
49330
49398
49481
49507
49513
49521
49531
49532
49558
49570
49621
49651
49659
49664
49706
49714
50123
50517
50518
50519
50524
50613
50678
50728
50975
51034
51102
51119
51125
51126
51190
51191
51194
51269
51344
51366
51369
51370
51378
51404
51416
51436
51437
51458
51566
51641
51643
51653
51656
51657
51737
51896
51908
52098
52138
52229
52255
52395
52708
52721
52722
52738
52746
52862
52885
52977
52984
53332
53492
53535
53556
53558
53645
53654
53665
53708
53720
53730
53748
53755
53759
53769
53775
53804
53936
54073
54146
54513
54695
54755
54967
54974
55064
55065
55068
55143
55145
55146
55153
55298
55307
55315
55331
55338
55343
55353
55367
55398
55400
55402
55403
55467
55493
55498
55513
55546
55550
55556
55697
55727
55728
55729
55731
55732
55743
55756
55934
55954
56034
56038
56055
56059
56068
56113
56122
56123
56127
56140
56202
56214
56243
56254
56262
56271
56307
56363
56384
56632
56633
56677
56743
56895
56959
56960
57077
57102
57104
57129
57293
57301
57334
57336
57341
57343
57344
57348
57351
57353
57387
57397
57403
57414
57422
57427
57428
57433
57445
57451
57457
57459
57460
57464
57481
57484
57500
57503
57510
57512
57526
57541
57551
57553
57558
57559
57619
57871
57978
57987
58116
58341
58430
58511
58574
58611
58692
58898
59037
59135
59345
59830
59875
60132
60311
60371
60497
60571
60610
60684
60749
60778
60858
60920
60973
61015
61022
61023
61075
61472
61473
61585
61592
61614
61634
61726
61776
61872
61952
61967
62147
62160
62172
62321
62438
62582
62627
62700
62720
62732
62847
62850
62869
62903
62907
62919
62936
62939
62947
62989
62993
63009
63101
63114
63137
63146
63158
63170
63173
63198
63327
63357
63375
63377
63385
63427
63476
63506
63517
63527
63543
63544
63546
63547
63549
63550
63619
63641
63643
63645
63646
63651
63716
63736
63765
63774
63780
63788
63832
63842
63859
63881
63898
63902
63910
63962
64029
64042
64089
64092
64102
64159
64161
64206
64241
64488
64494
64513
64637
64706
64709
64781
64782
64783
64786
64810
64828
64931
64938
64978
64991
65047
65063
65072
65124
65154
65176
65189
65274
65336
65347
65355
65477
65542
65577
65590
65607
65615
65629
65643
65668
65682
65683
65701
65711
65718
65722
65746
65788
65803
65827
65839
65886
65971
65972
65974
65986
66022
66023
66033
66052
66138
66237
66242
66249
66250
66265
66297
66320
66443
66449
66475
66485
66498
66521
66527
66530
66531
66551
66558
66559
66576
66592
66604
66623
66636
66643
66652
66654
66663
66693
66716
66737
66740
66818
66867
66870
66871
66873
66875
66905
66918
66919
66920
66954
66993
67049
67078
67084
67101
67256
67529
67530
67722
68011
68113
68114
68400
68462
68494
68510
68516
68521
68525
68563
68565
68626
68706
68707
68716
68818
68819
68825
68911
68996
69007
69010
69012
69132
69140
69149
69151
69226
69459
69542
69546
69547
69561
69567
69571
69577
69578
69586
69590
69591
69617
69618
69620
69624
69627
69632
69634
69647
69649
69657
69659
69666
69669
69683
69686
69708
69711
69714
69725
69732
69733
69740
69756
69763
69775
69776
69788
69790
69795
69796
69810
69821
69825
69829
69831
69833
69847
69863
69864
69875
69884
69893
69898
69902
69913
69918
69922
69937
69945
69950
69957
69966
69971
69972
69984
69996
70000
70007
70040
70046
70053
70057
70065
70081
70085
70090
70091
70092
70113
70122
70124
70154
70156
70160
70811
71008
71013
71044
71150
71154
71451
71730
71865
71867
71869
72341
72490
72934
72936
72993
73057
73067
73080
73093
73132
73142
73163
73174
73182
73196
73207
73228
73230
73238
73248
73270
73278
73280
73443
73773
74074
74923
74924
74927
74991
75030
75123
75127
75131
75171
75182
75220
75228
75297
75304
75317
75447
75454
75538
75620
75667
75668
75671
75672
75681
75731
75732
75790
75820
75832
75854
75885
75933
76004
76009
76012
76016
76017
76019
76023
76030
76042
76046
76047
76067
76071
76233
76234
76881
77125
77417
77469
77526
77694
77762
77947
78045
78050
78057
78058
78062
78063
78067
78071
78086
78101
78105
78248
78276
78383
78444
78581
78586
78594
78601
78608
78618
78634
78635
78651
78655
78656
78658
78660
78668
78790
78902
79186
79209
79521
79574
79592
79734
79743
79750
79751
79756
79808
79811
79840
79909
80002
80008
80091
80094
80317
80323
80329
80356
80383
80387
80395
80399
80439
80464
80494
80519
80564
80686
80699
80700
80706
80734
80806
80811
80824
80840
80845
80906
80942
80948
80955
80959
80975
80979
81046
81130
81218
81260
81317
81398
81436
81438
81465
81501
81504
81506
81529
81543
81578
81583
81601
81813
81901
81902
82035
82148
82155
82159
82174
82180
82192
82209
82216
82233
82234
82347
82401
82402
82442
82446
82482
82502
82532
82610
82672
82721
82734
82764
82791
82895
82902
82910
82914
82961
82972
82979
83005
83010
83043
83150
83161
83166
83291
83299
83350
83360
83366
83370
83381
83388
83492
83616
83712
83846
83866
83990
84040
84097
84098
84099
84134
84135
84143
84157
84177
84200
84252
84302
84305
84336
84337
84436
84541
84554
84654
84754
84770
84774
84794
84800
84806
84921
85241
85248
85249
85251
85253
85294
85298
85536
85537
85544
85812
85814
85820
86051
86254
86263
86264
86267
86352
86353
86365
86437
86465
86567
86608
86751
86761
86775
86778
86786
86795
86803
86838
86879
86882
86885
86887
86916
86927
86928
86942
86943
86944
86963
87067
87102
87109
87119
87121
87166
87254
87262
87263
87282
87288
87297
87314
87330
87340
87345
87380
87388
87389
87397
87401
87448
87449
87450
87464
87479
87490
87539
87560
87674
87705
87737
87739
87749
87759
87762
87789
87799
87804
87819
87827
87834
87841
87949
88002
88036
88143
88144
88148
88149
88151
88163
88172
88179
88207
88219
88239
88251
88262
88266
88510
88554
88621
88657
88696
88726
88749
88779
88783
88784
88786
88841
88893
88936
88964
88979
89018
89030
89074
89078
89085
89186
89228
89271
89301
89304
89388
89401
89471
89476
89485
89487
89489
89494
89530
89564
89580
89589
89614
89781
89911
89959
90337
90364
90747
90763
90908
90972
91378
91396
91397
91400
91419
91424
91431
91435
91454
91617
91899
91994
92175
92202
92329
92392
92864
92865
93700
93947
94496
94497
94547
94566
94631
94862
95132
95133
95137
95142
95229
95250
95306
95372
95407
95603
95814
95817
95819
96022
96093
96128
96230
96267
96304
96502
96532
96592
96681
96779
96796
96800
96802
96803
96815
96816
96836
96857
96858
96875
96877
96878
96879
96881
96887
96888
96906
96914
96927
96930
96944
96955
96969
96975
96997
97001
97005
97008
97010
97016
97017
97026
97051
97052
97054
97055
97060
97089
97095
97101
97108
97118
97129
97140
97148
97165
97172
97175
97189
97328
97332
97335
97775
98202
98222
98485
98508
98628
98629
98797
98800
98919
98925
98926
99054
99070
99077
99078
99082
99088
99090
99093
99158
99256
99385
99392
99557
99562
99564
99600
99613
99614
99618
99642
99649
99657
99683
99687
99723
99763
99764
99786
99864
99865
99869
99871
99878
99892
99899
99983
100136
100359
100427
100433
100495
100520
101095
101096
101102
101120
101127
101135
101136
101144
101160
101378
101400
101544
101689
101780
101867
101868
101912
101996
102065
102116
102162
102209
102234
102273
102329
102335
102341
102522
102618
102619
102691
102698
102733
102734
102806
102816
102887
103019
103100
103201
103207
103208
103219
103220
103221
103249
103443
103660
103895
103920
103925
103963
104195
104197
104203
104752
104758
104770
104775
104823
104825
104826
104864
104886
104894
104904
104905
104918
104923
104937
104940
104945
104987
105001
105091
105124
105144
105156
105222
105253
105327
105471
105602
105616
105659
105661
105844
105858
105859
105860
106015
106264
106349
106465
106502
106565
106566
106578
106643
106644
106646
106648
106649
106670
106817
106867
106870
106985
107004
107110
107206
107518
107552
107572
107573
107578
107579
107581
107583
107584
107586
107658
107673
107728
107748
107784
107831
107835
107866
107951
108016
108049
108052
108057
108119
108124
108151
108160
108189
108287
108295
108327
108328
108337
108355
108359
108363
108372
108378
108388
108418
108419
108422
108435
108436
108437
108459
108470
108472
108473
108475
108476
108495
108532
108593
108610
109365
109585
109590
109594
109601
109787
109854
110147
110298
110673
110712
110810
110845
111184
111186
111483
111491
111520
111538
111541
111594
111597
111605
111608
111863
111953
112017
112031
112045
112046
112054
112074
112077
112087
112094
112109
112135
112248
112249
112524
112816
113413
113433
113661
113689
113701
114513
114650
114935
114953
115335
115391
115882
116468
116711
116808
116849
116850
116962
117075
117155
117343
117467
117475
117624
117791
117888
117943
118139
118149
118153
118168
118204
118210
118216
118381
118593
118710
118721
118986
119007
119065
119352
119358
119363
119368
119370
119561
119722
120119
120120
120124
120153
120156
120233
120684
121092
121094
121199
121529
121534
121540
121543
121756
122429
122432
122438
122496
122500
122504
122513
122515
122535
122536
122560
122581
122593
122594
122600
122607
122623
122624
122625
122626
122635
123204
123335
123424
123461
123579
123580
123710
123719
123732
123734
123803
123805
123911
123960
123965
124051
124065
124176
124389
124796
124800
125081
125950
126127
126138
126149
126157
126291
126292
126537
126538
126677
126765
127269
127322
127374
127484
127485
127501
127839
127994
127995
127996
128314
128326
128338
128384
128402
128404
128407
128414
128423
128436
128454
128506
128584
128949
128962
129041
129840
130184
131253
131259
131270
131379
131415
131455
131469
131474
131541
131657
131761
131980
132014
132043
132076
132080
132538
132710
132774
132847
132850
133129
133404
133428
133480
133604
133666
133795
134831
134836
135029
135527
135528
135532
135566
135568
135604
135608
135619
135680
135757
135759
135852
135855
135873
135874
135895
135923
135924
135939
135941
135947
135980
135982
135993
135994
136062
136067
136080
136122
136126
136132
136138
136152
136173
136174
136179
136196
136230
136269
136280
136288
136289
136325
136327
136328
136331
136332
136351
136352
136355
136370
136421
136544
136545
136637
136667
136674
136684
136697
136704
136707
136711
136727
136768
136843
136931
137008
137027
137057
137131
137132
137133
137140
137210
137395
137475
137479
137485
137486
137503
137522
137563
137568
137571
137582
137593
137601
137620
137629
137630
137641
137654
137689
137740
137759
137764
137766
137795
137797
137878
137879
137883
137892
137898
137910
137955
138048
138053
138106
138274
138276
138320
138325
138328
138416
138507
138760
138778
138924
138997
139034
139040
139048
139083
139086
139091
139268
139284
139483
139694
139723
139743
139805
139827
139965
139984
139999
140009
140131
140138
140173
140186
140199
140200
140237
140241
140245
140375
140540
140998
141078
141141
141207
141278
141281
141327
141551
141578
141586
141611
141645
141867
142038
142039
142040
142101
142116
142754
142756
142860
142897
142905
142921
142946
142955
142973
142998
143006
143014
143050
143055
143065
143079
143082
143135
143139
143147
143151
143193
143197
143203
143245
143250
143283
143301
143317
143341
143357
143359
143392
143421
143463
143509
143524
143589
143624
143632
143753
143756
143766
143779
143796
143799
143803
143804
143805
143813
143814
143867
143868
143875
143879
143880
143888
143906
143911
143914
143915
143930
143934
143941
143946
143965
143972
143974
143977
143991
144019
144021
144023
144025
144029
144030
144033
144045
144050
144057
144060
144070
144074
144075
144097
144122
144131
144137
144139
144146
144155
144175
144178
144182
144188
144191
144197
144200
144208
144211
144214
144221
144235
144238
144253
144264
144293
144302
144304
144309
144310
144314
144320
144324
144328
144331
144332
144333
144341
144352
144367
144368
144371
144386
144394
144395
144403
144405
144407
144410
144415
144423
144426
144430
144484
144503
144505
144517
144544
144551
144554
144647
144655
144666
144687
144701
144737
144738
144740
144753
144758
144790
144808
144826
144833
144846
144904
144936
144999
145029
145052
145053
145054
145090
145094
145108
145116
145120
145150
145262
145319
145352
145372
145373
145414
145417
145451
145500
145511
145679
145682
145683
145690
145711
145731
145739
145744
145747
145759
145793
145821
145825
145850
145869
145966
145973
145997
146079
146087
146125
146379
146418
146508
146560
146592
146595
146626
146662
146777
146844
147116
147119
147120
147125
147131
147140
147157
147175
147189
147250
147316
147326
147337
147382
147383
147392
147396
147405
147413
147421
147580
147603
147619
147644
147688
147701
147771
147782
147803
147819
147830
147838
147840
147845
147860
147881
147891
147894
147925
147986
148005
148035
148091
148096
148138
148170
148171
148239
148257
148263
148291
148292
148307
148316
148317
148323
148343
148370
148382
148390
148441
148446
148448
148567
148622
148624
148626
148639
148642
148661
148666
148671
148707
148709
148710
148716
148732
148733
148744
148774
148779
148789
148816
148877
148914
149119
149254
149293
149295
149320
149323
149331
149337
149341
149355
149384
149392
149393
149467
149471
149484
149489
149499
149501
149506
149511
149521
149566
149567
149592
149622
149637
149638
149639
149670
149684
149689
149695
149780
149948
149953
149957
149967
149998
150001
150054
150055
150078
150082
150084
150085
150089
150205
150232
150302
150315
150320
150347
150355
150372
150380
150383
150409
150412
150415
150422
150441
150459
150491
150540
150653
150661
150668
150714
150721
150725
150726
150729
150731
150796
150800
150803
150812
150854
150867
150881
150894
150901
150943
150956
150979
150984
150989
151005
151185
151269
151330
151403
151418
151461
151478
151494
151525
151526
151536
151540
151566
151567
151580
151632
151919
151956
151959
152038
152093
152348
152370
152375
152411
152417
152437
152447
152572
152575
152665
152678
152689
152763
152774
152775
152784
152858
152859
152880
153027
153089
153151
153184
153218
153224
153229
153230
153233
153234
153239
153241
153256
153258
153262
153277
153338
153381
153382
153385
153386
153388
153435
153461
153481
153487
153488
153493
153507
153511
153512
153516
153519
153535
153539
153558
153608
153647
153670
153675
153695
153696
153703
153707
153709
153718
153723
153794
153808
153829
153830
153842
153844
153846
153874
153886
153899
153902
153906
153919
153922
153948
153952
153953
153957
153967
153968
153977
153988
153994
154025
154056
154057
154059
154062
154069
154097
154098
154111
154121
154124
154138
154152
154155
154171
154174
154175
154184
154186
154197
154198
154212
154215
154220
154232
154235
154236
154238
154252
154273
154281
154295
154296
154298
154300
154301
154314
154322
154330
154331
154346
154347
154374
154383
154392
154393
154428
154440
154448
154478
154484
154513
154514
154538
154544
154546
154549
154575
154585
154593
154596
154608
154621
154637
154659
154679
154688
154716
154737
154767
154771
154789
154794
154795
154813
154815
154824
154835
154838
154845
154847
154858
154903
154912
154943
154949
154966
154979
155005
155010
155012
155037
155041
155054
155063
155065
155068
155070
155071
155086
155109
155133
155173
155209
155232
155242
155255
155263
155269
155276
155308
155316
155327
155342
155348
155355
155360
155404
155405
155433
155436
155585
155640
155654
155668
155671
155673
155675
155680
155685
155694
155700
155707
155712
155715
155723
155724
155726
155729
155751
155767
155769
155782
155783
155799
155800
155807
155811
155812
155823
155851
155852
155863
155878
155895
155901
155907
155909
155919
155984
155989
156024
156059
156065
156067
156068
156073
156086
156166
156167
156203
156414
156416
156420
156565
156593
156783
156952
156976
157047
157123
157129
157132
157133
157137
157166
157168
157170
157181
157197
157199
157208
157210
157221
157264
157273
157282
157293
157297
157315
157317
157318
157345
157352
157357
157386
157407
157409
157418
157584
157587
157591
157601
157727
157742
157760
157761
157908
157996
158020
158067
158118
158123
158159
158176
158200
158245
158265
158270
158798
159621
160560
160750
161205
161323
161391
161482
161682
161718
162189
162214
162633
162893
163561
163570
163605
163606
163640
164062
164300
164305
164597
165043
165539
165541
165549
165553
165600
165659
165666
165672
165802
165807
165918
165944
165970
166111
166457
166468
166852
167079
167080
167083
167085
167098
167288
167444
167447
167448
167457
167475
167480
167483
167490
167496
167646
167686
167690
167697
167699
167700
167832
168585
168595
168986
169027
169406
169455
169466
169475
169482
169578
169589
169610
169746
169836
169892
169927
169939
169947
170052
170195
170207
170212
170268
170337
170489
170508
170627
170631
170813
170832
170892
170900
171202
171478
171675
171977
171979
171980
172151
172223
172393
172886
173045
173049
173050
173152
173307
173468
173638
174350
174358
174392
174963
175186
175226
175238
175245
175596
175601
175638
175724
175728
175733
175736
175742
175762
175768
175784
175817
175836
175841
175874
175882
175908
175918
175931
175933
175937
175939
175943
175946
176286
176303
176325
176331
176340
176352
176365
176376
176380
176402
176406
176419
176453
176744
176842
176939
176956
176960
176982
177060
177100
177101
177118
177186
177397
177413
177415
177417
177874
177920
177921
177923
177926
178043
178047
178176
178280
178281
178663
178668
178751
179105
179203
179206
179247
179272
179329
179415
179420
179493
179686
179711
179715
179719
179732
179737
179868
179876
179881
179936
180303
180306
180619
180664
180745
180756
180762
180766
180777
180934
180953
180968
180969
180984
181146
181198
181223
181243
181248
181255
181263
181264
181275
181289
181311
181326
181342
181527
181532
181542
181583
181798
181866
181873
181877
181980
181995
182003
182043
182049
182194
182199
182202
182204
182209
182210
182241
182353
182439
182523
182574
182581
182700
182738
182744
182778
182790
182846
182874
182875
183004
183022
183117
183455
183459
183467
183469
183513
183516
183558
183586
183617
183630
183655
183672
183678
183685
183707
183749
183751
183832
183838
183846
183962
184019
184020
184050
184099
184154
184156
184168
184345
184347
184348
184357
184615
184626
184633
184634
184638
184643
184662
184666
184678
184699
184717
184721
184724
184757
184764
184783
184822
184823
184841
184855
184890
184899
184920
184958
184964
184986
185005
185007
185019
185023
185024
185027
185029
185043
185047
185062
185065
185072
185080
185101
185103
185110
185113
185114
185122
185135
185141
185143
185144
185145
185148
185156
185157
185159
185162
185163
185166
185174
185175
185180
185187
185192
185199
185215
185232
185234
185273
185277
185280
185289
185290
185307
185310
185325
185331
185360
185734
185856
185904
185961
186330
186397
186450
186507
186796
186878
186879
186922
186925
186926
186929
186933
186935
186939
186941
186950
186956
186957
187001
187076
187085
187098
187103
187116
187131
187144
187225
187239
187241
187379
187415
187697
187700
187701
187712
187860
187944
188078
188182
188379
188486
188515
188545
189099
189224
189558
189571
189655
189699
189715
190047
190051
190085
190087
190091
190114
190119
190133
190151
190184
190287
190299
190381
190392
190403
190431
190436
190463
190466
190472
190538
190588
190613
190635
190645
190652
190655
190796
190851
190857
190876
190887
190906
190912
191548
191556
191575
191684
192174
192187
192579
192592
192762
192937
192948
192959
192979
193011
193014
193024
193053
193076
193081
193106
193117
193178
193198
193229
193232
193252
193254
193256
193282
193290
193305
193325
193361
193362
193364
193850
193867
193868
193878
193969
193982
194137
194504
194505
194526
194552
194561
194588
194589
194663
194669
194673
194742
194902
194918
194950
195111
195176
195186
195234
195239
195603
195619
195628
195689
195790
196015
196019
196116
196192
196482
196584
196590
196640
196661
197009
197018
197071
197153
197162
197172
197176
197287
197361
197395
197429
197432
197452
197478
197490
197506
197809
197868
197872
197894
197908
197909
197916
197920
197921
197926
197931
197960
198019
198038
198054
198059
198077
198141
198168
198772
199138
199146
199147
199157
199161
199198
199203
199205
199346
199480
199481
199482
199599
199661
199695
199698
199705
199708
199722
199727
199730
199736
199741
199742
199743
199758
199760
199761
199766
199776
199777
199778
199779
199792
199793
199795
199825
199830
199853
199859
199864
199865
199868
199877
199900
199903
199948
199956
199984
199990
200009
200020
200030
200038
200045
200049
200055
200070
200077
200079
200080
200083
200091
200093
200099
200100
200118
200122
200133
200134
200139
200140
200142
200145
200167
200171
200176
200188
200190
200191
200194
200209
200238
200245
200246
200247
200248
200268
200272
200274
200281
200309
200316
200327
200329
200360
200370
200372
200377
200379
200383
200389
200402
200405
200411
200415
200434
200478
200480
200509
200513
200517
200523
200530
200533
200535
200540
200542
200567
200570
200597
200608
200644
200650
200653
200675
200707
200709
200714
200746
200758
200766
200770
200782
200794
200809
200824
200828
200832
200836
200840
200845
200852
200869
200870
200871
200872
200884
200885
200891
200901
200913
200918
200921
200922
200930
200936
200941
200945
200946
200953
200956
200962
200964
200966
200997
201006
201007
201008
201011
201012
201029
201038
201061
201062
201068
201077
201078
201090
201092
201096
201111
201114
201115
201118
201119
201123
201124
201127
201134
201136
201138
201148
201150
201152
201153
201162
201165
201167
201168
201171
201178
201182
201185
201196
201199
201200
201201
201206
201208
201210
201215
201219
201221
201226
201234
201245
201252
201253
201262
201265
201267
201300
201307
201308
201314
201319
201325
201345
201353
201361
201367
201371
201380
201382
201386
201432
201433
201434
201442
201443
201450
201463
201478
201497
201524
201530
201538
201541
201544
201554
201557
201559
201560
201577
201579
201582
201587
201604
201608
201610
201622
201627
201628
201629
201630
201633
201641
201644
201665
201666
201667
201669
201672
201675
201681
201684
201687
201688
201707
201708
201714
201722
201740
201756
201768
201773
201786
201791
201803
201805
201832
201844
201853
201855
201856
201859
201863
201868
201870
201875
201876
201887
201895
201915
201924
201929
201936
201943
201954
201958
201962
201964
201970
201979
201986
202000
202003
202004
202018
202050
202067
202072
202077
202081
202085
202104
202118
202123
202148
202152
202158
202159
202175
202189
202190
202193
202195
202207
202213
202230
202232
202256
202261
202266
202267
202269
202283
202294
202308
202312
202316
202324
202330
202340
202344
202372
202380
202397
202406
202414
202423
202448
202449
202454
202458
202459
202460
202461
202473
202506
202541
202549
202551
202566
202581
202593
202610
202615
202623
202626
202652
202654
202665
202685
202693
202715
202732
202742
202743
202766
202774
202783
202810
202819
202829
202851
202861
202869
202896
202906
202916
202924
202945
202949
202982
202984
202988
203004
203008
203045
203048
203052
203069
203071
203084
203092
203106
203109
203116
203120
203129
203154
203159
203168
203174
203178
203182
203185
203200
203210
203216
203222
203225
203227
203230
203237
203251
203256
203258
203270
203272
203273
203277
203278
203279
203309
203320
203323
203329
203352
203358
203361
203366
203370
203380
203411
203429
203437
203442
203444
203446
203456
203490
203493
203507
203508
203517
203521
203528
203529
203540
203545
203547
203565
203566
203567
203570
203575
203578
203580
203584
203591
203592
203620
203624
203627
203638
203654
203659
203677
203713
203714
203735
203741
203772
203782
203806
203814
203824
203826
203831
203835
203845
203846
203864
203876
203878
203879
203886
203897
203921
203938
203950
203958
203976
203988
203990
203992
203995
203996
204001
204006
204031
204033
204040
204051
204056
204057
204070
204072
204077
204079
204080
204081
204092
204099
204101
204122
204126
204135
204140
204145
204169
204177
204185
204195
204223
204233
204243
204258
204276
204304
204313
204327
204338
204351
204355
204358
204367
204376
204383
204389
204397
204402
204433
204434
204442
204450
204493
204503
204511
204523
204543
204569
204571
204573
204593
204604
204613
204619
204623
204624
204630
204636
204646
204656
204658
204667
204670
204675
204679
204683
204687
204690
204692
204695
204722
204782
204784
204792
204797
204801
204807
204816
204827
204830
204846
204861
204870
204871
204877
204880
204881
204882
204895
204919
204920
204931
204933
204941
204944
204952
204954
204957
204962
204971
204978
204979
204985
204995
204998
205007
205008
205010
205015
205025
205026
205032
205040
205044
205051
205053
205055
205062
205067
205070
205079
205091
205110
205130
205149
205156
205191
205194
205204
205206
205215
205238
205242
205259
205275
205276
205280
205282
205293
205294
205296
205307
205322
205329
205331
205342
205343
205344
205352
205355
205373
205374
205382
205405
205408
205409
205415
205421
205441
205467
205468
205469
205499
205508
205524
205539
205546
205552
205554
205578
205580
205582
205613
205625
205633
205645
205672
205686
205688
205696
205711
205714
205734
205736
205748
205757
205766
205771
205786
205798
205808
205825
205832
205847
205857
205863
205877
205882
205891
205902
205907
205912
205965
205966
206012
206028
206038
206041
206043
206059
206072
206086
206091
206097
206111
206125
206128
206139
206146
206158
206166
206219
206226
206233
206241
206243
206248
206257
206266
206267
206282
206288
206292
206308
206312
206314
206317
206336
206346
206349
206350
206374
206383
206386
206391
206403
206413
206422
206434
206448
206451
206463
206466
206483
206485
206496
206511
206528
206585
206593
206596
206598
206600
206609
206620
206628
206648
206652
206656
206669
206675
206680
206682
206686
206687
206690
206699
206702
206705
206707
206711
206712
206719
206762
206767
206783
206790
206794
206817
206835
206836
206838
206862
206901
206911
206914
206934
206943
206948
206964
206978
206984
207004
207007
207016
207031
207034
207044
207064
207068
207074
207078
207084
207102
207157
207232
207343
207352
207394
207481
207559
207636
207756
207886
207897
208099
208109
208111
208117
208346
208347
208637
208860
208956
209253
209364
209368
209507
209541
209546
209550
209577
209579
209603
209646
209652
209699
209769
209896
209912
210143
210176
210192
210201
210225
210318
210369
210432
210483
210487
210936
210957
211006
211013
211018
211032
211053
211298
211310
211317
211350
211351
211384
211387
211447
211453
211554
211647
211720
211764
211893
211905
212064
212070
212186
212250
212254
212269
212276
212277
212282
212294
212295
212296
212298
212302
212304
212305
212310
212380
212398
212417
212421
212423
212424
212436
212510
212511
212522
212547
212612
212629
212630
212893
212895
212900
212953
212999
213004
213008
213219
213245
213259
213260
213278
213356
213369
213525
213528
213533
213535
213580
213585
213627
213770
213782
213839
213852
213856
213874
213880
213896
213900
213917
213984
214024
214028
214066
214078
214099
214255
214257
214261
214284
214362
214386
214395
214480
214486
214522
214603
214743
214750
214774
214779
215310
215366
215636
215784
215793
216326
216340
216396
216493
216639
216844
216848
216852
216886
216893
216935
216937
216941
216945
216981
216982
216992
216993
217003
217009
217014
217037
217048
217074
217086
217092
217096
217129
217139
217177
217205
217216
217252
217267
217272
217283
217288
217306
217323
217327
217328
217337
217351
217354
217366
217408
217482
217483
217489
217490
217493
217494
217502
217505
217517
217525
217531
217541
217543
217545
217548
217550
217552
217560
217573
217584
217604
217614
217625
217634
217635
217641
217647
217682
217708
217710
217714
217717
217727
217730
217732
217733
217755
217762
217771
217775
217783
217785
217790
217809
217813
217826
217827
217837
217839
217840
217845
217857
217885
217939
217961
217969
217972
217973
217981
217985
217986
217995
218001
218009
218026
218036
218039
218057
218067
218071
218074
218077
218090
218100
218129
218158
218183
218234
218254
218262
218266
218304
218307
218325
218326
218339
218457
218490
218530
218595
218604
218609
218617
218624
218632
218633
218640
218656
218674
218675
218686
218691
218692
218711
218713
218722
218750
218769
218859
218867
218868
218882
218895
218935
218967
218969
218981
218983
219016
219019
219045
219087
219101
219129
219141
219155
219159
219164
219165
219188
219193
219211
219220
219224
219241
219250
219259
219289
219301
219308
219327
219347
219350
219367
219372
219380
219383
219385
219433
219438
219443
219444
219471
219484
219497
219516
219526
219531
219545
219588
219649
219651
219665
219679
219696
219720
219752
219796
219856
219861
219863
219866
219867
219868
219880
219884
219911
219961
219968
219970
219982
220023
220041
220050
220072
220079
220080
220084
220085
220086
220120
220147
220165
220166
220167
220256
220263
220287
220289
220316
220329
220356
220359
220365
220397
220548
220570
220571
220572
220574
220583
220630
220672
220727
220828
221118
221147
221211
221281
221487
221490
221516
221517
221768
221986
222090
222092
222093
222107
222110
222112
222116
222119
222126
222134
222135
222152
222154
222160
222166
222176
222185
222191
222194
222204
222210
222211
222213
222221
222226
222227
222229
222239
222247
222254
222264
222267
222276
222285
222294
222386
222393
222430
222435
222443
222450
222462
222483
222491
222494
222497
222504
222513
222519
222560
222565
222569
222571
222578
222585
222589
222592
222606
222674
222741
222790
223043
223111
223112
223193
223225
223230
223232
223238
223453
223473
223518
223576
223656
223677
223733
223741
223765
224111
224144
224213
224226
224340
224346
224398
224445
224456
224495
224504
224518
224521
224529
224551
224555
224619
224635
224688
224742
224785
224812
224847
224867
224880
224898
224906
224930
224933
224973
224974
224975
224992
225004
225149
225161
225198
225300
225301
225305
225307
225333
225338
225413
225416
225418
225420
225518
225542
225546
225765
225768
225769
225770
225810
225821
225824
225845
225848
225850
225857
226127
226153
226288
226292
226457
226459
226491
226515
226517
226541
226564
226570
226580
226586
226661
226717
226718
226726
226785
226861
226906
226957
226958
227466
227500
227509
227563
227700
227704
227757
228252
228290
228317
228463
228468
228708
228757
228767
228785
228786
229208
229237
229241
229273
229274
229275
229446
229451
229544
229560
229578
229586
229631
229638
229646
229648
229685
229746
229799
229867
229883
229983
230035
230068
230069
230070
230112
230132
230164
230175
230182
230193
230196
230203
230209
230214
230216
230229
230267
230280
230283
230288
230299
230453
230495
230559
230578
230616
230728
230793
230807
230813
230838
230840
230857
230867
230875
230894
230907
230920
231105
231115
231137
231299
231392
231398
231407
231574
231793
231820
231822
231824
231828
231829
231888
231900
231910
231915
231919
231920
231926
231932
231936
231962
231980
231999
232000
232004
232010
232013
232023
232024
232032
232036
232037
232044
232141
232145
232218
232222
232228
232235
232248
232249
232279
232292
232303
232304
232305
232307
232308
232374
232380
232382
232387
232389
232395
232534
232570
232591
232596
232626
232627
232640
232695
232701
232713
232714
232723
232773
232865
232869
232871
232914
232948
232976
232986
233026
233108
233112
233132
233140
233148
233153
233155
233167
233177
233178
233192
233204
233205
233206
233207
233208
233210
233212
233240
233254
233274
233288
233289
233298
233302
233309
233310
233330
233338
233350
233352
233356
233368
233387
233405
233415
233424
233442
233445
233446
233449
233455
233457
233461
233462
233469
233474
233491
233502
233509
233512
233516
233523
233525
233530
233537
233538
233548
233581
233592
233606
233609
233617
233624
233625
233626
233648
233650
233661
233668
233671
233673
233681
233685
233686
233699
233701
233708
233713
233720
233725
233727
233744
233764
233807
233808
233809
233812
233834
233840
233841
233891
233913
233914
233920
233922
233940
233975
234016
234024
234041
234060
234076
234097
234098
234207
234221
234230
234240
234264
234275
234287
234293
234302
234303
234364
234368
234382
234385
234386
234395
234396
234416
234443
234458
234459
234478
234481
234483
234500
234515
234521
234685
234858
234927
235080
235577
235744
235749
235913
236282
236473
236474
236478
236490
236572
236797
236798
236813
236854
236855
236874
237081
237111
237188
237199
237235
237414
237427
237441
237447
237454
237456
237510
237542
237543
237586
237592
237775
237780
237805
237810
237908
237938
237973
238053
238056
238064
238083
238087
238100
238114
238131
238132
238134
238136
238152
238218
238219
238223
238504
238672
238690
238701
238710
238711
238758
238782
238814
238882
238883
238887
238892
238893
238897
238907
238912
238915
238926
238940
238950
238960
238976
238984
238985
238988
238991
238992
238994
239001
239002
239224
239229
239244
239284
239426
239431
239753
239833
239995
240025
240065
240182
240207
240216
240228
240283
240305
240339
240468
240534
240608
240610
240633
240654
240697
240713
240830
240831
240836
240837
240848
240897
240917
241181
241225
241442
241457
241522
241664
241667
241670
241828
241985
241986
242054
242131
242133
242140
242143
242176
242179
242212
242232
242233
242234
242235
242240
242241
242242
242243
242303
242309
242326
242355
242365
242422
242423
242435
242450
242487
242510
242517
242549
242555
242594
242623
242702
243215
243348
243391
243560
243562
243575
243576
243602
243620
243626
243668
243676
243763
243776
243812
243818
243843
243853
243859
243861
243871
243899
243954
244027
244045
244052
244066
244098
244131
244194
244239
244246
244251
244264
244297
244359
244406
244421
244422
244428
244434
244435
244467
244473
244495
244498
244502
244508
244535
244549
244563
244574
244578
244579
244590
244594
244603
244606
244607
244610
244623
244629
244642
244643
244644
244657
244828
244887
244888
244889
244896
244910
244923
244936
244937
245009
245050
245105
245111
245120
245124
245127
245131
245139
245145
245151
245155
245164
245193
245203
245208
245232
245233
245258
245268
245318
245345
245351
245358
245466
245489
245512
245513
245517
245576
245578
245678
245679
245682
245712
245775
245776
245777
245888
245909
245920
245964
245994
245997
245998
246043
246056
246064
246068
246070
246103
246111
246121
246152
246154
246173
246175
246183
246188
246208
246211
246225
246231
246252
246257
246264
246379
246427
246428
246478
246535
246548
246566
246592
246664
246694
246760
246826
246842
246858
246888
247006
247017
247066
247140
247211
247226
247243
247244
247251
247350
247351
247381
247382
247428
247476
247483
247484
247525
247609
247610
247614
247632
247643
247645
247707
247743
247761
247773
247806
247820
247827
247834
247835
247838
247843
247869
247886
247890
247891
247903
247926
247934
247943
248026
248029
248036
248042
248066
248069
248073
248102
248144
248150
248153
248312
248444
248735
248850
248941
249027
249057
249079
249089
249098
249163
249165
249197
249198
249234
249251
249329
249406
249407
249425
249432
249433
249438
249442
249443
249444
249458
249459
249461
249467
249474
249476
249477
249481
249482
249490
249522
249541
249581
249582
249668
249683
249693
249767
249768
249779
249826
249829
249830
249832
249834
249851
249903
249963
250008
250009
250011
250013
250014
250030
250057
250066
250070
250077
250091
250095
250106
250122
250153
250159
250211
250217
250226
250316
250388
250429
250438
250576
250580
250582
250671
250719
250755
250769
250793
250796
250833
250875
250876
250880
250882
250905
250948
250951
251008
251013
251135
251182
251190
251207
251253
251254
251318
251358
251377
251430
251432
251559
251565
251597
251606
251619
251687
251712
251714
251715
251736
251741
251750
251756
251804
251805
251807
251849
251850
251852
251870
251871
251927
251930
251945
251949
251950
251954
252027
252088
252169
252186
252202
252220
252248
252263
252327
252405
252411
252490
252535
252536
252544
252545
252548
252560
252561
252564
252565
252571
252573
252591
252594
252595
252611
252624
252629
252633
252634
252635
252658
252665
252667
252674
252676
252678
252684
252700
252704
252712
252714
252715
252728
252729
252731
252745
252748
252750
252761
252764
252784
252787
252795
252807
252814
252815
252830
252835
252839
252842
252843
252848
252849
252853
252858
252862
252895
252916
252934
252946
252947
252951
252953
252955
252964
252969
252970
252980
252986
252989
252993
253000
253007
253014
253016
253019
253030
253055
253064
253072
253080
253083
253084
253090
253093
253104
253121
253122
253123
253125
253132
253137
253144
253159
253165
253178
253182
253185
253188
253191
253211
253212
253217
253224
253235
253240
253246
253249
253264
253268
253288
253290
253305
253307
253318
253319
253326
253329
253336
253339
253340
253354
253359
253366
253369
253371
253426
253427
253464
253466
253494
253505
253525
253540
253541
253545
253548
253551
253554
253557
253575
253579
253611
253632
253660
253671
253683
253698
253709
253713
253718
253730
253731
253732
253734
253747
253748
253756
253763
253767
253800
253829
253836
253846
253847
253853
253908
253926
253931
253932
254007
254012
254013
254341
254429
254454
254720
254725
254814
255108
255187
255354
255462
255519
255722
255736
255798
255853
255960
255964
255973
256036
256077
256079
256114
256240
256345
256408
256424
256430
256442
256448
256456
256468
256469
256477
256498
256510
256511
256514
256526
256544
256597
256598
256600
256769
256773
256856
256892
256966
256972
256990
257274
257384
257548
257552
257647
257648
257653
257656
257660
257665
257675
257683
257690
257691
257693
257703
257704
257712
257760
257796
257797
257798
257800
257968
258199
258202
258231
258243
258249
258251
258472
258475
258482
258485
258502
258511
258522
258529
258531
258584
258587
258588
258604
258611
258614
258619
258620
258638
258644
258650
258651
258652
258656
258657
258658
258669
259319
259866
259897
259905
259912
260306
260310
260354
260360
260383
260407
260475
260506
260543
260653
260770
260791
260792
260875
260897
261015
261018
261093
261097
261388
261458
261479
261482
261588
261615
261742
261769
261808
261917
261957
261987
262010
262021
262081
262098
262099
262103
262122
262123
262160
262173
262184
262198
262215
262228
262231
262245
262246
262257
262264
262274
262277
262278
262300
262407
262454
262507
262512
262525
262527
262552
262911
262912
262977
263027
263139
263155
263230
263364
263565
263609
263667
263786
263857
263878
264090
264093
264126
264152
264219
264383
264466
264518
264551
264576
264644
264684
264782
264809
264890
264915
264916
265070
265071
265099
265122
265240
265303
265304
265349
265350
265420
265489
265823
265927
265931
265976
265987
266036
266039
266083
266162
266200
266283
266287
266308
266397
266514
266555
266557
266634
266733
266734
266752
266871
266873
267038
267310
267354
267358
267427
267432
267441
267481
267486
267511
267583
267694
267971
268040
268045
268072
268495
268517
268527
268543
268622
268667
268726
268806
268816
268823
268826
268846
268863
268931
269025
269027
269028
269029
269030
269071
269078
269089
269309
269369
269510
269528
269587
269632
269635
269642
269655
269675
269695
269710
269711
269721
269723
269736
269737
269750
269753
269758
270059
270083
270092
270121
270169
270256
270347
270348
270356
270365
270594
270652
270827
270828
270858
270880
270916
270952
270953
270979
271075
271082
271110
271170
271173
271175
271185
271186
271214
272153
272622
272629
272633
272634
272642
272647
272762
272860
272970
272974
273366
273367
273649
274140
274214
274339
274877
275049
275050
275053
275074
275075
275076
275085
275097
275098
275199
275387
275862
276051
276053
276060
276065
276491
276504
276748
276762
276767
276868
276975
277061
277079
277143
277165
277309
277374
277414
277602
277608
278429
278504
278505
278511
278523
278541
278542
278544
278550
278809
278909
278935
278999
279033
279044
279045
279046
279055
279094
279099
279111
279112
279315
279340
279341
279344
279356
279362
279378
279379
279504
279508
279557
279643
279704
279723
279737
279741
279756
279769
279788
279796
279799
279905
280132
280324
280556
280561
280840
280859
280995
281118
281125
281175
281230
281234
281782
281869
282100
282185
282191
282264
282350
282414
282415
282556
282575
282586
282590
282593
282599
282605
282629
282678
282688
282703
282715
282723
282729
282730
282737
282751
282763
282777
282786
282806
282810
282817
282828
282833
282834
282839
282844
282857
282860
282869
282870
282871
282883
282888
282893
282904
282906
282913
282925
282929
282930
282939
282943
282944
282949
282966
283000
283005
283009
283011
283026
283034
283062
283093
283123
283164
283196
283205
283214
283231
283265
283268
283271
283272
283288
283291
283310
283313
283321
283332
283373
283383
283403
283409
283423
283425
283429
283459
283463
283469
283512
283537
283540
283549
283553
283563
283564
283573
283581
283586
283589
283597
283601
283608
283619
283625
283646
283655
283660
283678
283686
283690
283703
283717
283761
283765
283784
283792
283806
283820
283834
283838
283840
283841
283851
283852
283868
283906
283917
283939
283946
283948
283952
284010
284029
284187
284192
284194
284221
284284
284288
284333
284344
284347
284352
284353
284354
284491
284516
284520
284537
284538
284556
284567
284615
284631
284703
284725
284825
284902
284931
284985
284986
285041
285042
285057
285087
285097
285107
285303
285309
285352
285356
285392
285393
285399
285429
285434
285671
286073
286352
286857
287492
287766
287768
288330
288590
288605
288632
288813
288822
288939
288946
289081
289123
289138
289139
289155
289364
289490
289502
289516
289517
289525
289707
289712
289740
289789
289869
289896
289898
289899
289924
289973
289984
290513
290520
290651
291148
291152
291336
291445
292039
292653
293695
293740
293743
293749
293764
293887
293954
294274
294314
294358
294366
294560
294585
294683
294704
294835
295002
295006
295438
295440
295572
295613
295617
295621
295922
296134
296140
296345
296379
296441
296480
296484
296495
296536
296540
296562
296581
296746
296796
296805
296816
296817
296830
296835
296938
296964
296971
296974
296987
296989
297031
297041
297048
297062
297069
297073
297080
297146
297150
297151
297188
297475
297514
297524
297564
297598
297672
297746
297747
297749
297761
297886
297900
297904
297907
297910
297912
297913
298010
298015
298029
298060
298064
298072
298077
298085
298092
298251
298300
298302
298309
298314
298361
298405
298506
298640
298648
299259
299288
299297
299820
299861
300055
300065
300228
300233
300267
300341
300367
300388
300390
300397
300398
300946
301089
301277
301293
301319
301329
301347
301348
301463
301464
301484
301491
301492
301494
301513
301569
301572
301573
301589
301615
301623
301686
301696
301720
301731
301749
301951
301979
302056
302257
302447
302502
302528
302568
303086
303138
303244
303248
303282
303292
303307
303309
303321
303482
303485
303505
303524
303529
303542
303892
303902
303951
304167
304277
304540
304544
304549
304550
304651
304654
304683
304732
304755
304778
304794
304798
304801
304823
304825
304826
304838
304854
304908
304945
305026
305079
305080
305082
305083
305087
305100
305101
305103
305104
305107
305113
305124
305127
305135
305169
305209
305300
305305
305311
305313
305316
305351
305360
305362
305550
305616
305631
305648
305655
305694
305721
305739
305778
305805
305806
305818
305820
305822
305838
305839
305840
305941
306014
306048
306124
306138
306139
306233
306244
306272
306279
306285
306302
306305
306376
306380
306395
306397
306407
306436
306461
306462
306467
306470
306487
306490
306501
306522
306581
306667
306703
306712
306730
306826
306831
306861
306876
306880
306881
306887
306896
306901
306920
306940
307037
307038
307039
307058
307064
307161
307162
307170
307194
307197
307216
307259
307268
307332
307334
307335
307349
307351
307355
307396
307417
307453
307836
307952
308039
308052
308081
308166
308184
308185
308187
308189
308199
308220
308223
308235
308254
308258
308269
308271
308272
308274
308289
308297
308309
308327
308328
308331
308333
308336
308342
308355
308359
308366
308387
308391
308848
308849
308851
308855
308860
308864
308872
308877
308883
308889
308892
308893
308905
308908
308911
308916
308928
308939
308948
308977
308979
308982
308988
308992
308993
308995
308997
308998
309014
309016
309020
309055
309062
309071
309084
309093
309094
309096
309107
309110
309128
309132
309135
309142
309144
309151
309156
309158
309159
309160
309163
309164
309171
309172
309176
309200
309203
309206
309211
309225
309232
309235
309242
309245
309248
309257
309289
309299
309303
309313
309320
309336
309339
309370
309374
309375
309380
309382
309384
309396
309398
309399
309427
309444
309459
309476
309478
309484
309486
309488
309493
309497
309500
309514
309516
309521
309529
309535
309537
309543
309549
309553
309563
309565
309571
309578
309589
309590
309596
309608
309613
309615
309627
309628
309629
309636
309642
309648
309653
309656
309669
309674
309679
309690
309695
309699
309702
309705
309708
309717
309719
309722
309734
309735
309751
309769
309777
309785
309809
309823
309849
309868
309870
309871
309874
309875
309877
309878
309886
309892
309901
309906
309912
309918
309938
309939
309942
309951
309952
309958
309966
309972
309974
309983
309985
309990
310013
310016
310017
310022
310031
310040
310046
310055
310056
310057
310065
310074
310080
310082
310085
310091
310114
310136
310144
310148
310149
310151
310154
310164
310178
310192
310200
310201
310208
310212
310213
310215
310218
310225
310241
310251
310252
310269
310279
310285
310299
310303
310307
310320
310330
310332
310337
310344
310348
310352
310354
310359
310371
310378
310390
310393
310395
310398
310401
310403
310404
310412
310453
310459
310461
310464
310489
310555
310556
310558
310612
310645
310647
310671
310679
310697
310703
310706
310707
310713
310715
310716
310726
310727
310733
310741
310773
310786
310787
310797
310806
310810
310840
310841
310854
310900
311092
311191
311286
311331
311729
311730
311937
312370
312422
312462
312549
312570
312609
312628
312631
312634
312637
312640
312642
312643
312644
312666
312705
312708
312771
312772
312776
312878
312938
312945
312948
312961
313004
313054
313093
313098
313110
313130
313134
313154
313283
313412
313413
313529
313535
313542
313660
313696
314734
315060
315076
315077
315157
315218
315591
315593
315597
315845
316013
316519
316533
316541
316548
316558
316575
316576
316594
316842
316851
316867
316876
316916
316923
316924
316937
316939
316940
316967
316989
317047
317055
317056
317076
317114
317116
317131
317132
317133
317134
317145
317148
317149
317158
317346
317360
317375
317408
317416
317486
317488
317585
317592
317610
317702
317783
317789
317919
318145
318232
318342
318382
318414
318464
318471
318618
318680
318681
318758
318762
318799
318808
318809
318845
318847
318863
318919
318920
318928
318967
319015
319016
319049
319050
319051
319061
319068
319092
319122
319305
319321
319351
319352
319356
319358
319434
319435
319483
319561
319594
319600
319866
319917
319943
319948
319971
319979
320027
320051
320150
320168
320172
320175
320190
320222
320224
320225
320227
320233
320242
320246
320268
320275
320299
320322
320327
320347
320352
320354
320356
320359
320365
320373
320386
320387
320393
320427
320561
320726
320727
320738
320743
321007
321011
321014
321015
321016
321029
321031
321037
321042
321101
321103
321133
321140
321258
321272
321282
321429
321439
321707
321842
321867
321868
321891
321904
321911
321925
321926
322035
322309
322584
323085
323098
323105
323226
323375
323394
323440
323642
323791
324009
324081
324082
324302
324367
324514
324783
324880
324881
325323
325337
325532
325535
325537
325556
325567
325575
325599
325731
325734
325747
325777
325824
325832
325835
326085
326091
326098
326120
326139
326150
326175
326191
326216
326221
326226
326256
326257
326268
326270
326283
326295
326311
326313
326316
326319
326342
326374
326382
326384
326387
326398
326415
326420
326422
326432
326466
326476
326495
326496
326521
326532
326544
326554
326560
326583
326593
326599
326614
326616
326618
326642
326647
326652
326654
326657
326660
326661
326663
326671
326690
326700
326708
326724
326733
326743
326746
326759
326772
326790
326797
327112
327145
327532
327713
327846
327849
327850
327854
327876
327877
327899
327903
327939
327947
327967
328076
328179
328182
328208
328305
328307
328316
328507
328591
328592
328597
328601
328662
328710
328765
328934
329017
329038
329060
329096
329098
329349
329351
329559
329580
329608
329613
329709
329710
329715
329809
329908
329998
330103
330158
330163
330165
330356
330360
330376
330379
330385
330389
330390
330394
330404
330417
330490
330521
330871
330876
331065
331071
331093
332062
332069
332073
332153
332154
332156
332176
332239
332244
332312
332444
332710
332721
332731
332754
332757
332768
332778
332779
332787
332789
332805
332822
332832
332839
332841
332845
332874
332879
332883
332893
332899
332902
332911
332925
332936
332941
333022
333069
333106
333253
333274
333282
333299
333303
333356
333365
333377
333378
333384
333389
333391
333418
333471
333475
333523
333541
333548
333552
333561
333563
333588
333604
333624
333665
333682
333689
333725
333752
333756
333806
333810
333814
333820
333848
333868
333895
333901
333905
333910
333933
333934
333950
333973
333976
334003
334005
334009
334030
334032
334040
334048
334059
334070
334124
334137
334139
334160
334178
334185
334200
334241
334260
334279
334286
334305
334307
334311
334317
334325
334330
334348
334356
334379
334399
334471
334542
334546
334571
334583
334614
334616
334626
334630
334689
334726
334813
334914
334961
334969
334972
335033
335078
335106
335140
335162
335200
335256
335312
335333
335387
335435
335450
335454
335462
335492
335503
335529
335538
335561
335563
335575
335583
335601
335604
335715
335716
335719
335725
335782
335790
335792
335817
335826
335831
335844
335916
335985
336058
336071
336113
336118
336138
336139
336141
336150
336163
336164
336185
336186
336191
336201
336215
336235
336242
336247
336250
336261
336271
336273
336287
336294
336295
336303
336318
336338
336347
336353
336390
336392
336397
336400
336403
336413
336449
336468
336476
336490
336491
336494
336500
336503
336505
336515
336527
336536
336539
336544
336546
336552
336564
336570
336576
336582
336583
336591
336609
336611
336621
336638
336649
336656
336676
336680
336684
336690
336722
336723
336729
336749
336792
336805
336827
336869
336878
336880
336882
336883
336891
336893
336899
336926
336933
336935
336936
336951
337013
337026
337038
337064
337070
337080
337084
337149
337210
337247
337297
337305
337309
337316
337317
337336
337434
337448
337450
337467
337514
337520
337570
337577
337581
337590
337625
337643
337645
337679
337681
337700
337805
337829
337881
337886
337943
338007
338008
338011
338019
338020
338025
338044
338090
338107
338141
338152
338162
338163
338179
338208
338281
338327
338328
338402
338462
338463
338487
338496
338497
338498
338503
338542
338588
338605
338666
338720
338753
338760
338799
338808
338927
338929
339017
339031
339041
339044
339075
339088
339089
339094
339099
339104
339119
339122
339127
339154
339173
339182
339185
339206
339212
339228
339285
339305
339308
339319
339341
339347
339362
339370
339377
339381
339382
339407
339455
339460
339465
339491
339502
339510
339516
339541
339605
339632
339698
339722
339774
339849
339902
339906
339917
339934
339937
339944
340008
340011
340017
340050
340065
340095
340126
340132
340142
340158
340161
340171
340209
340229
340298
340303
340312
340341
340348
340367
340369
340371
340375
340398
340405
340421
340494
340496
340499
340505
340514
340523
340540
340552
340567
340592
340612
340614
340632
340640
340662
340685
340692
340719
340721
340747
340750
340751
340780
340843
340866
340906
340927
340984
341257
341262
341361
341396
341398
341417
341432
341474
341480
341504
341561
341612
341687
341707
341790
341808
341853
341873
341883
341884
341885
341941
342000
342044
342081
342109
342126
342216
342280
342291
342315
342316
342440
342458
342559
342574
342584
342646
342650
342655
342764
342895
342931
342938
343030
343072
343085
343091
343126
343144
343157
343180
343185
343201
343205
343282
343292
343314
343320
343323
343339
343350
343363
343380
343384
343390
343393
343406
343410
343421
343430
343444
343455
343467
343478
343480
343489
343513
343516
343519
343526
343552
343566
343568
343580
343591
343599
343608
343611
343615
343623
343625
343626
343628
343630
343663
343674
343708
343715
343716
343717
343836
343968
343996
344088
344105
344108
344211
344235
344347
344367
344382
344399
344484
344531
344679
344721
344746
344788
344798
344822
344825
344899
344922
344931
344943
344966
345024
345026
345033
345077
345093
345110
345128
345131
345228
345247
345272
345276
345285
345326
345362
345366
345413
345425
345439
345492
345508
345509
345616
345629
345641
345658
345661
345663
345675
345847
345849
345866
345869
345884
345900
345909
345939
345954
345968
346017
346018
346031
346074
346080
346093
346096
346102
346202
346211
346243
346255
346272
346282
346294
346295
346297
346304
346336
346337
346390
346393
346397
346403
346427
346444
346483
346489
346491
346494
346509
346545
346603
346617
346625
346628
346635
346646
346661
346670
346703
346708
346712
346720
346728
346730
346733
346735
346747
346750
346753
346757
346855
346860
346896
346935
346938
346999
347016
347030
347045
347086
347089
347093
347107
347118
347129
347132
347134
347137
347158
347160
347166
347174
347201
347203
347210
347215
347216
347218
347229
347233
347242
347266
347268
347278
347281
347291
347320
347321
347337
347343
347362
347411
347430
347435
347449
347455
347466
347486
347505
347548
347554
347567
347591
347600
347621
347665
347699
347740
347743
347779
347790
347798
347884
347889
347904
347906
347930
347952
347955
347966
347973
348013
348021
348034
348050
348052
348055
348057
348065
348068
348084
348088
348119
348216
348229
348275
348286
348297
348301
348324
348336
348339
348340
348349
348385
348401
348405
348407
348438
348442
348444
348446
348471
348474
348477
348502
348512
348513
348534
348562
348579
348596
348631
348640
348641
348653
348675
348678
348693
348706
348707
348715
348736
348742
348754
348802
349038
349043
349044
349047
349074
349095
349142
349164
349181
349209
349225
349234
349324
349332
349335
349350
349454
349463
349468
349473
349479
349482
349483
349492
349509
349511
349515
349519
349553
349567
349570
349571
349591
349604
349621
349631
349635
349701
349756
349907
349911
349978
349979
350070
350217
350380
350382
350417
350457
350467
350489
350494
350544
350548
350551
350569
350573
350581
350593
350602
350622
350651
350694
350733
350743
350763
350791
350829
350915
350926
350929
351014
351023
351045
351053
351063
351067
351119
351130
351181
351192
351197
351199
351204
351214
351227
351242
351246
351283
351288
351310
351364
351395
351405
351416
351422
351424
351429
351437
351441
351442
351449
351452
351496
351542
351583
351614
351619
351624
351646
351685
351738
351742
351745
351759
351797
351934
351952
351954
351987
352009
352016
352021
352025
352050
352058
352060
352063
352071
352078
352087
352102
352103
352112
352114
352118
352136
352147
352163
352186
352263
352383
352456
352521
352558
352582
352586
352599
352603
352611
352617
352621
352631
352641
352653
352744
352785
352794
352896
352899
352952
352961
352992
353032
353052
353235
353286
353792
354158
354366
354371
354389
354403
354428
354436
354442
354454
354459
354617
354896
354989
354999
355081
355088
355363
355382
355405
355410
355559
355640
356067
356131
356137
356216
356262
357066
357070
357083
357086
357089
357092
357094
357102
357115
357122
357139
357500
357504
357525
357532
357597
357711
357722
357726
357728
357730
357769
357825
357826
357832
357864
357889
357939
358015
358279
358280
358717
358730
358806
358862
358901
359178
359184
359201
359208
359650
359652
359977
360338
360444
361488
361555
361994
362271
362327
362454
362485
362491
363775
365242
365410
365859
366332
366904
367084
367121
367126
367161
367164
367255
367325
367497
367530
367551
368401
369141
369156
369376
369378
369504
369546
369606
369713
369717
369766
369776
370002
