269
271
279
931
976
1296
1326
1632
1643
1809
1829
2057
2060
2064
2098
2120
2128
2133
2152
2174
2176
2321
2372
2447
2535
2675
2684
3063
3096
3097
3112
3113
3148
3156
3178
3376
3425
3638
3697
3706
3719
3720
3731
3749
3755
3875
3876
4141
4145
4150
4383
4567
4592
4940
4959
5006
5033
5036
5063
5154
5205
5317
5873
6069
6285
6476
6512
6517
6550
7510
7642
7780
8234
8358
8691
8817
9286
9631
9934
10444
10490
10706
10902
10906
10917
10949
10954
11050
11287
11316
11411
11564
11581
11609
11627
11857
11860
11919
11998
12004
12034
12115
12338
12339
12464
12526
12533
12534
12977
13613
13752
13804
13921
14172
14174
14385
14394
14397
14410
14468
14513
14525
14528
14530
14531
14536
14544
14559
14574
14577
14579
14586
14593
14613
14633
14678
14686
14711
14747
14755
14777
14787
14808
14809
14850
14851
14900
14919
14922
14923
14924
14925
14928
14934
14936
14940
14970
14982
14996
15001
15016
15035
15044
15048
15076
15081
15090
15095
15117
15141
15142
15145
15146
15152
15176
15188
15189
15217
15244
15277
15286
15310
15312
15315
15320
15362
15376
15395
15451
15452
15488
15498
15532
15552
15572
15584
15590
15658
15698
15700
15720
15752
15760
15771
15772
15796
15803
15815
15840
15857
15866
15878
15880
15881
15885
15903
15904
15953
15987
16083
16157
16158
16194
16206
16239
16243
16295
16296
16395
16503
16861
16876
16877
17152
17257
17276
17437
17617
17857
17870
17877
17916
18610
18615
18627
18631
18640
18759
18871
18873
18882
18892
18968
18972
18981
19026
19072
19094
19436
19462
19689
19692
19705
19735
20326
20417
20418
20420
20448
20449
20450
20502
20532
20560
20767
20893
21389
21390
21693
21752
21753
21756
21957
22002
22063
22183
22213
22284
22288
22806
23499
23526
23527
23529
23595
23676
23779
23823
23825
23838
23916
23921
23932
23957
23968
23990
23991
24003
24004
24060
24068
24085
24087
24097
24099
24107
24108
24117
24135
24136
24290
24293
24341
24372
24442
24722
25101
25376
25625
25743
26103
26106
26661
27045
28076
28686
28939
28965
29334
30408
30513
31131
31716
31720
31733
31743
31748
31810
31813
31822
31830
31837
31838
31861
33284
33373
34233
34236
34237
34269
34270
34280
34298
34306
34437
34450
34456
34470
34509
34519
34608
34630
34862
34965
35369
35945
35950
35952
35957
35960
35969
35978
35984
35987
36222
36329
36348
37418
38287
38305
38582
38694
39262
39265
39267
39274
39327
39420
39705
39720
39725
41084
41127
41150
41188
41198
41213
41224
41225
41226
41247
41680
42377
42863
43317
44384
44385
44424
44435
44796
44808
45193
45233
45335
45504
45786
45840
45991
46459
46541
46877
47062
47146
47552
47662
47797
47798
47846
48597
48696
49167
49319
49385
49499
50520
50608
50735
50976
51017
51083
51112
51116
51145
51177
51282
51286
51367
51368
51403
51410
51411
51421
51422
51423
51427
51640
51644
51897
52137
52241
52709
52717
52723
52735
52749
53207
53530
53674
53678
53706
53723
53727
53733
53734
53762
54149
54930
54952
54987
55112
55117
55118
55161
55184
55185
55186
55297
55312
55328
55339
55350
55354
55366
55491
55494
55507
55509
55545
55551
55654
55655
55681
55730
55733
55771
55789
55796
55958
55968
55969
56062
56063
56112
56119
56128
56145
56175
56211
56215
56248
56257
56266
56285
56291
56297
56342
56356
56635
56741
56771
57076
57103
57107
57108
57302
57338
57345
57346
57349
57362
57390
57398
57426
57430
57442
57449
57461
57462
57465
57474
57511
57524
57535
57539
57542
57543
57549
57555
57592
57893
57970
58340
58494
58623
58690
58700
58917
58921
58927
59125
59829
59831
60300
60357
60375
60380
60776
60777
61615
61721
61722
61828
61951
61978
61980
61995
62044
62261
62355
62356
62437
62624
62717
62893
62900
62917
63013
63023
63109
63160
63202
63265
63297
63353
63358
63445
63522
63542
63583
63640
63790
64246
64520
64730
64731
64812
64830
64831
64946
64992
64993
65065
65153
65174
65179
65188
65519
65576
65584
65593
65667
65684
65690
65713
65744
65745
65819
65840
65895
65970
65975
65979
66016
66021
66024
66028
66051
66053
66126
66174
66255
66267
66272
66312
66399
66468
66469
66471
66487
66517
66524
66541
66560
66561
66563
66599
66610
66627
66687
66718
66733
66734
66736
66761
66769
66819
66868
66876
66877
66912
66917
67458
67577
67583
67705
67706
67713
68112
68393
68511
68514
68623
68826
68836
68855
68974
69008
69013
69150
69212
69552
69560
69566
69572
69573
69575
69579
69592
69638
69643
69654
69660
69662
69681
69687
69695
69706
69719
69722
69764
69766
69772
69780
69785
69791
69792
69803
69826
69837
69852
69857
69859
69911
69924
69947
69948
69952
69959
69963
69992
70001
70016
70035
70038
70042
70070
70071
70077
70104
70108
70110
70778
71017
71023
71042
71871
71898
71921
72458
72493
72933
72997
73084
73085
73086
73105
73134
73254
73258
73259
73261
73265
73267
73445
73457
73807
74084
74086
74730
75032
75190
75288
75302
75303
75305
75307
75599
75669
75699
75703
75708
75710
75758
75762
75837
75880
75934
76006
76043
76044
76078
76154
76170
77546
77790
78021
78229
78235
78471
78657
78903
78919
79715
79763
79836
80027
80041
80546
80550
80571
80649
80826
80841
80849
80872
80980
80984
81039
81045
81092
81165
81261
81265
81347
81470
81502
81507
81508
81602
81717
81828
81850
82055
82179
82184
82204
82207
82483
82490
82601
82604
82619
82673
82714
82752
82762
82788
82896
82918
82963
82985
83025
83044
83140
83152
83361
83367
83373
83376
83393
83399
83491
83493
83637
83641
84025
84156
84164
84539
84574
84680
85250
85549
85551
85649
85808
85815
85816
85839
85845
86015
86064
86270
86285
86299
86303
86317
86369
86563
86736
86794
86796
86805
86825
86841
86891
87123
87159
87234
87260
87264
87265
87328
87352
87363
87368
87375
87390
87414
87435
87451
87469
87483
87509
87544
87553
87556
87559
87562
87565
87590
87644
87681
87763
87790
87831
87842
87856
87898
88011
88087
88145
88150
88152
88167
88180
88181
88186
88213
88228
88707
88897
88933
88948
89006
89020
89075
89081
89356
89415
89493
89585
89699
89909
89912
90414
90748
90749
90750
90764
90854
91434
91552
91606
93348
93804
94415
95130
95245
95248
95400
95597
95785
96573
96593
96680
96799
96806
96813
96820
96828
96829
96832
96839
96846
96863
96867
96869
96871
96872
96886
96899
96903
96904
96916
96934
96966
96978
96979
96980
96981
96986
97006
97014
97025
97029
97032
97038
97040
97053
97069
97084
97090
97097
97098
97099
97102
97112
97125
97126
97127
97131
97132
97138
97154
97155
97162
97163
97169
97170
97205
97329
97964
98071
98498
99041
99046
99052
99060
99062
99083
99399
99554
99556
99596
99612
99615
99620
99648
99675
99720
99870
100137
100579
100580
101070
101105
101126
101134
101138
101139
101153
101162
101191
101208
101210
101220
101275
101399
101466
101546
101686
101687
102153
102206
102236
102320
102326
102332
102520
102521
102735
102807
102914
103106
103214
103225
103260
103673
103857
103858
103860
103869
103870
103871
103872
103873
103874
103923
103926
104031
104207
104379
104418
104502
104893
104912
104924
105240
105313
105603
105863
106272
106458
106645
106708
106869
107108
107580
107585
107870
108046
108187
108188
108262
108289
108302
108303
108356
108358
108425
108430
108431
108494
108506
108509
108548
109283
109515
109595
110131
110683
110849
110962
111382
111492
111526
111529
111534
112021
112057
112064
112069
112075
112098
112178
113646
113649
113702
114488
114514
114515
115196
115396
115508
116465
116730
117061
117073
117259
118364
118665
118919
119367
119522
120138
120152
121089
121266
121515
121530
121538
121868
122512
122526
122532
122533
122545
122549
122551
122553
122561
122563
122569
122605
122612
122660
122672
123143
123197
123205
123527
123801
123963
124001
124283
124285
125065
125370
125641
126134
126162
126163
126202
126481
126745
127367
127510
128668
129066
129841
130317
131470
131471
131485
131550
131981
131992
132068
133116
133405
133429
134066
134290
134667
135033
135248
135526
135531
135547
135577
135599
135756
135761
135762
135856
135857
135858
135886
135922
135934
135977
136113
136171
136175
136180
136198
136209
136256
136388
136389
136427
136444
136464
136483
136682
136705
137026
137129
137204
137294
137456
137487
137493
137498
137545
137602
137642
137643
137744
137771
137791
137819
137882
137954
137977
138004
138097
138315
138327
138354
138751
138757
138761
138805
138813
139008
139018
139043
139046
139084
139089
139967
140120
140198
140222
140392
141277
141328
141573
142120
142571
142666
142847
142890
142904
142917
142930
142937
142940
142954
143005
143008
143012
143017
143019
143026
143032
143033
143076
143148
143157
143201
143204
143229
143246
143270
143353
143355
143372
143456
143499
143531
143611
143622
143683
143778
143787
143810
143823
143866
143876
143890
143913
143931
143947
143959
143968
143973
143982
143987
143990
144013
144016
144020
144022
144041
144052
144062
144072
144081
144084
144104
144113
144144
144180
144186
144192
144241
144247
144262
144274
144279
144299
144300
144303
144305
144325
144326
144350
144357
144372
144374
144393
144399
144402
144412
144416
144420
144424
144428
144432
144435
144446
144465
144467
144468
144471
144475
144487
144488
144528
144538
144542
144552
144623
144688
144755
144783
144786
144787
144806
144818
144848
144903
144917
144925
145009
145012
145013
145017
145219
145245
145293
145304
145330
145374
145394
145409
145429
145452
145510
145639
145674
145677
145702
145725
145732
145733
145737
145792
145803
145851
145968
145972
146052
146525
146588
146593
146596
146840
147142
147177
147209
147311
147381
147401
147410
147416
147690
147734
147740
147749
147751
147805
147814
147823
147865
147867
147870
147883
147983
148004
148009
148098
148231
148236
148341
148435
148546
148569
148691
148718
148724
148729
148736
148771
148776
148813
148879
149118
149259
149279
149297
149299
149311
149325
149333
149343
149358
149380
149388
149391
149406
149425
149433
149435
149493
149510
149513
149540
149560
149562
149572
149575
149578
149584
149607
149615
149635
149636
149641
149649
149753
149931
149944
149950
149959
149974
149987
149999
150060
150200
150203
150235
150293
150317
150318
150321
150323
150325
150326
150328
150335
150349
150357
150360
150381
150462
150524
150669
150814
150898
150911
150958
150971
150978
150981
150999
151001
151004
151007
151136
151181
151267
151268
151327
151407
151552
151584
151835
151837
151865
151894
151916
151963
152355
152621
152655
152855
152947
153026
153172
153175
153176
153178
153180
153231
153240
153260
153261
153264
153274
153281
153379
153383
153387
153389
153395
153486
153508
153509
153520
153521
153522
153525
153541
153609
153676
153680
153708
153719
153748
153789
153831
153875
153876
153878
153910
153914
153920
153933
153944
153945
153969
153972
153973
153980
153981
153986
153989
153990
154021
154023
154061
154064
154070
154088
154103
154125
154177
154187
154188
154219
154255
154276
154282
154288
154299
154329
154345
154349
154388
154406
154425
154426
154482
154560
154584
154610
154626
154627
154663
154678
154703
154706
154707
154709
154712
154790
154806
154808
154839
154840
154841
154852
154864
154913
154935
154942
154945
154975
155021
155029
155040
155059
155134
155150
155233
155234
155244
155258
155279
155281
155317
155324
155334
155406
155412
155420
155440
155502
155661
155688
155690
155704
155730
155750
155752
155753
155774
155802
155818
155848
155849
155856
155870
155900
155922
155926
155991
156010
156031
156060
156061
156078
156202
156358
156387
156465
156595
156955
156957
157149
157171
157183
157191
157194
157206
157212
157214
157269
157275
157299
157307
157320
157333
157347
157359
157364
157372
157377
157393
157406
157411
157583
157724
157725
157728
157774
157809
157835
158004
158244
158740
160538
160699
161203
161316
161487
162117
163545
163665
164488
164491
164598
165601
165654
165668
165801
165940
165968
166544
167084
167086
167088
167090
167091
167097
167100
167107
167289
167310
167445
167467
167470
167473
169013
169332
169351
169450
169646
169655
169883
169893
169895
170209
170507
170630
170816
170882
171528
172060
172193
172238
172306
172445
172825
174396
175177
175178
175192
175193
175194
175202
175203
175246
175580
175581
175595
175650
175725
175769
175774
175788
175832
175834
175838
175853
175875
175922
175964
176377
176389
176412
176427
176428
176430
176431
176746
176938
176958
176964
176983
176987
177027
177029
177105
177187
177300
177919
177924
178044
178094
178210
179107
179218
179687
179712
179882
180307
180592
180631
180738
180757
180764
180765
180769
180770
180976
180982
181069
181071
181199
181279
181295
181300
181322
181341
181383
181537
181872
181888
181999
182050
182211
182213
182214
182233
182525
182560
182567
182621
182676
182902
183023
183278
183422
183499
183615
183653
183688
183706
183743
183762
183769
183960
184005
184110
184138
184336
184338
184349
184350
184354
184364
184568
184722
184725
184732
184733
184743
184759
184762
184771
184784
184794
184843
184850
184852
184859
184891
184925
184930
184946
184951
184959
184983
184988
185008
185013
185033
185040
185076
185077
185085
185086
185108
185109
185111
185136
185146
185152
185164
185176
185191
185233
185235
185237
185272
185279
185297
185312
185352
185798
185942
186156
186398
186697
186827
186838
186880
186898
186911
186932
186934
186940
186942
186943
186981
187104
187132
187193
187201
187222
187240
187707
187958
188071
188075
188375
188488
188546
188547
189566
189588
190054
190089
190092
190094
190107
190152
190232
190412
190437
190464
190519
190636
190644
190657
190673
190743
190874
190888
191564
192496
192585
192588
192638
192949
192973
193005
193016
193018
193020
193022
193035
193040
193054
193154
193179
193203
193209
193221
193222
193228
193231
193257
193331
193339
193349
193350
193352
193539
193869
193882
193976
194285
194409
194547
194562
194894
195174
195188
195620
195695
195781
196117
196188
196578
197004
197195
197196
197221
197222
197458
197464
197622
197814
197895
197914
197958
197959
197999
198022
198034
198051
198061
198078
198127
198135
199184
199204
199208
199215
199316
199616
199710
199762
199765
199797
199800
199827
199869
199876
199881
199907
199920
199944
199946
199947
199965
199980
200004
200023
200026
200034
200075
200096
200101
200105
200110
200119
200129
200130
200138
200146
200147
200153
200156
200157
200161
200163
200206
200208
200210
200233
200234
200237
200253
200256
200258
200267
200278
200283
200294
200303
200314
200317
200324
200331
200336
200350
200401
200420
200519
200549
200560
200565
200569
200572
200585
200610
200615
200638
200659
200664
200682
200685
200702
200715
200732
200773
200774
200791
200796
200819
200821
200823
200829
200831
200833
200834
200842
200855
200856
200857
200863
200878
200881
200887
200898
200904
200908
200909
200916
200932
200933
200938
200971
200974
200982
200991
201031
201047
201048
201049
201058
201066
201070
201075
201076
201080
201086
201094
201098
201130
201139
201140
201141
201160
201191
201193
201194
201198
201213
201271
201273
201274
201276
201277
201278
201280
201285
201303
201309
201334
201362
201369
201418
201454
201459
201468
201472
201484
201494
201503
201507
201513
201518
201548
201574
201586
201590
201611
201612
201636
201659
201661
201662
201694
201711
201715
201716
201721
201726
201727
201728
201733
201743
201747
201763
201780
201790
201796
201799
201815
201824
201867
201879
201892
201893
201900
201903
201905
201906
201911
201927
201948
201952
201960
201996
202005
202031
202053
202066
202100
202110
202127
202130
202138
202156
202194
202198
202231
202244
202259
202268
202280
202299
202333
202362
202377
202382
202426
202447
202457
202467
202471
202475
202488
202509
202521
202528
202534
202544
202571
202574
202590
202599
202601
202605
202606
202607
202634
202645
202706
202737
202748
202832
202867
202886
202893
202898
202954
202975
203011
203064
203067
203075
203111
203121
203122
203134
203192
203245
203248
203261
203282
203284
203297
203302
203321
203326
203332
203337
203346
203351
203354
203360
203374
203379
203381
203385
203386
203387
203390
203398
203413
203419
203420
203434
203450
203451
203453
203458
203463
203472
203481
203495
203497
203499
203502
203505
203520
203523
203543
203546
203550
203552
203553
203554
203555
203557
203563
203581
203588
203596
203602
203603
203640
203685
203708
203715
203722
203779
203822
203858
203866
203874
203887
203893
203907
203915
203923
203925
203933
203957
203980
203982
203986
203987
204010
204026
204030
204036
204061
204068
204096
204155
204179
204189
204200
204204
204251
204262
204273
204286
204293
204296
204298
204316
204326
204328
204370
204396
204401
204444
204455
204464
204466
204476
204487
204498
204499
204515
204526
204538
204553
204616
204676
204681
204699
204703
204720
204724
204751
204753
204758
204770
204775
204818
204824
204831
204832
204834
204838
204841
204854
204863
204887
204900
204908
204916
204950
204960
204965
204966
204974
204990
204996
205005
205012
205016
205043
205047
205057
205069
205073
205089
205135
205150
205153
205199
205209
205223
205229
205240
205241
205250
205261
205289
205326
205361
205362
205363
205389
205392
205438
205449
205451
205452
205482
205513
205518
205520
205550
205555
205556
205569
205584
205585
205597
205601
205622
205661
205722
205746
205763
205767
205782
205802
205823
205828
205844
205864
205868
205869
205871
205885
205893
205909
205968
205969
205970
205991
206065
206092
206099
206105
206130
206135
206170
206177
206181
206204
206260
206261
206279
206285
206304
206348
206360
206363
206367
206405
206410
206426
206428
206437
206454
206460
206479
206510
206513
206519
206521
206526
206538
206542
206547
206550
206562
206568
206578
206583
206604
206607
206612
206616
206623
206634
206645
206654
206658
206668
206683
206684
206691
206692
206698
206704
206709
206710
206714
206717
206721
206743
206779
206787
206801
206803
206805
206956
206966
206970
206988
206998
207086
207349
207476
207616
207824
207892
208083
208086
208108
208221
208833
208962
208996
209252
209349
209363
209536
209537
209544
209555
209557
209558
209560
209561
210878
210998
211243
211357
211383
211451
211553
211655
211669
211894
212112
212175
212187
212247
212274
212278
212280
212285
212287
212292
212299
212301
212307
212308
212384
212422
212428
212521
212524
212653
212897
212993
213083
213198
213218
213253
213280
213294
213524
213527
213529
213550
213579
213802
213826
213848
213914
213926
213961
213963
214090
214285
214379
214385
214425
214426
214487
214507
214684
214752
214753
215637
216327
216884
216925
216938
216939
216942
216943
216946
216947
216995
217004
217010
217019
217044
217045
217049
217050
217069
217083
217192
217324
217329
217332
217340
217359
217362
217367
217401
217412
217432
217470
217484
217485
217487
217488
217496
217503
217506
217511
217527
217528
217537
217553
217554
217557
217590
217610
217683
217697
217718
217720
217721
217725
217738
217743
217750
217761
217802
217810
217815
217818
217842
217852
217858
217881
217952
217965
217983
217987
217991
217992
218004
218006
218020
218040
218042
218087
218112
218123
218134
218139
218303
218327
218332
218340
218402
218412
218437
218458
218601
218605
218606
218607
218670
218683
218700
218715
218719
218721
218823
218883
218886
218911
218972
218988
219054
219066
219091
219102
219108
219122
219142
219151
219166
219192
219198
219213
219216
219231
219238
219262
219270
219282
219294
219311
219316
219397
219400
219414
219417
219440
219447
219473
219476
219477
219504
219507
219538
219589
219601
219632
219637
219670
219674
219704
219721
219772
219813
219815
219858
220036
220065
220081
220194
220225
220246
220257
220265
220291
220317
220355
220378
220380
220393
220433
220506
220510
220532
220550
220566
220580
220656
221111
221223
221488
221492
221527
221535
221561
222091
222095
222106
222115
222137
222145
222151
222155
222159
222163
222173
222177
222212
222219
222224
222235
222241
222244
222245
222250
222268
222280
222284
222389
222390
222432
222434
222441
222467
222470
222472
222478
222484
222487
222498
222503
222506
222526
222530
222532
222533
222553
222558
222573
222581
222683
222798
222799
223211
223215
223237
223529
223607
223672
223700
223701
223773
223790
224020
224029
224140
224152
224225
224228
224229
224301
224384
224404
224449
224457
224479
224511
224512
224513
224517
224519
224540
224544
224550
224552
224592
224620
224757
224774
224810
224821
224822
225003
225163
225197
225304
225415
225423
225479
225549
225694
225761
225763
225773
225777
225919
226568
226578
226582
226588
226862
227494
227501
227759
227834
228296
228527
228741
228829
228886
229268
229277
229506
229546
229576
229579
229598
229599
229792
229803
229810
229884
229921
229970
229971
229992
230013
230030
230047
230067
230083
230185
230201
230204
230205
230220
230221
230266
230314
230374
230482
230551
230560
230615
230839
230919
230945
231063
231147
231356
231564
231666
231676
231721
231779
231826
231839
231845
231846
231848
231899
231913
231916
231923
231927
231940
231961
231982
231992
232003
232015
232025
232026
232028
232197
232220
232246
232273
232296
232313
232356
232378
232379
232383
232386
232390
232562
232571
232577
232607
232616
232617
232719
232725
232730
232744
232867
232977
232982
232988
232990
232995
233025
233027
233139
233147
233169
233173
233191
233209
233211
233225
233248
233275
233280
233287
233291
233297
233300
233308
233337
233342
233345
233354
233357
233358
233388
233395
233417
233429
233433
233444
233464
233473
233480
233492
233521
233522
233524
233528
233583
233610
233621
233627
233641
233655
233662
233663
233667
233669
233679
233687
233697
233700
233714
233715
233719
233729
233745
233772
233921
233941
234017
234091
234095
234096
234122
234210
234226
234239
234252
234258
234284
234291
234295
234304
234378
234391
234422
234461
234496
234503
234508
234512
234684
234864
234882
234888
234894
235091
235096
235860
235885
236476
236477
236785
236818
237078
237191
237221
237236
237597
237853
238051
238069
238080
238084
238085
238088
238101
238129
238130
238151
238217
238221
238819
238873
238908
238923
238946
238970
238972
238978
238989
238998
239219
239245
239285
239606
239738
239794
240134
240164
240171
240172
240522
240560
240632
240656
240715
240733
240758
240824
240829
240841
240843
240850
240871
241485
241598
241601
241668
241669
241945
242055
242146
242178
242199
242325
242377
242455
242513
242544
242574
242577
242578
242595
242627
242713
242734
242799
243212
243221
243340
243385
243485
243563
243565
243622
243632
243690
243724
243819
243844
243900
243957
243978
244071
244080
244178
244261
244407
244408
244442
244443
244469
244470
244481
244524
244550
244553
244573
244575
244582
244591
244592
244611
244624
244625
244653
244654
244699
244911
244912
244913
244986
245012
245013
245015
245022
245163
245165
245168
245207
245330
245360
245408
245438
245450
245463
245526
245570
245695
245878
246033
246034
246057
246058
246072
246083
246142
246159
246177
246209
246210
246258
246265
246287
246408
246424
246429
246444
246475
246527
246530
246531
246532
246596
246609
246665
246729
246777
246887
246893
246993
247020
247026
247079
247096
247134
247180
247298
247303
247425
247432
247612
247613
247646
247662
247666
247744
247760
247763
247764
247821
247822
247872
247875
247878
247887
248031
248033
248063
248064
248065
248072
248079
248080
248145
248196
248205
248443
248851
249051
249080
249083
249088
249090
249219
249310
249311
249414
249430
249437
249446
249567
249734
249827
249831
249835
250010
250035
250078
250118
250212
250418
250436
250512
250674
250765
250772
250799
251039
251064
251065
251116
251139
251242
251295
251299
251367
251500
251560
251561
251594
251670
251702
251731
251751
251752
251782
251802
251806
251816
251893
251901
251951
251960
252001
252567
252586
252588
252593
252599
252608
252610
252622
252636
252640
252642
252659
252670
252671
252682
252688
252691
252701
252736
252737
252742
252746
252752
252754
252763
252765
252767
252768
252777
252790
252796
252798
252809
252816
252818
252821
252831
252852
252854
252868
252876
252884
252926
252933
252937
252941
252995
253018
253021
253023
253031
253034
253035
253040
253050
253052
253054
253057
253076
253079
253081
253085
253101
253106
253108
253112
253118
253124
253126
253127
253129
253142
253143
253152
253164
253173
253193
253220
253238
253241
253244
253252
253255
253292
253295
253298
253311
253324
253328
253330
253343
253358
253372
253534
253544
253558
253581
253605
253631
253655
253656
253657
253664
253667
253682
253689
253695
253703
253726
253735
253739
253749
253774
253819
253900
253904
253924
253943
254660
255439
255514
255600
255714
255856
255957
255958
256037
256348
256355
256403
256411
256425
256436
256542
256547
256578
256599
256788
256938
257233
257276
257291
257546
257657
257666
257688
257759
257782
258478
258481
258490
258491
258530
258538
258573
258615
258627
258630
258635
258643
258647
258648
258653
258659
258664
258677
259105
259204
259907
259913
260317
260361
260771
261016
261017
261447
261574
261587
261830
261964
262005
262105
262116
262161
262194
262209
262247
262260
262266
262630
262672
263028
263127
263818
264025
264216
264932
265047
265048
265100
265101
265123
265293
265305
265351
265610
266094
266137
266154
266168
266352
266367
266750
266996
267208
267214
267320
267339
267345
267351
267356
267360
267374
267434
267445
267490
268215
268308
268411
268497
268518
268523
268619
268842
268932
268933
269299
269300
269364
269375
269518
269538
269692
269724
269729
269771
270351
270593
270680
270861
270868
270881
270902
271083
271174
271176
272627
272631
272635
272638
272643
272645
273566
275025
275033
275047
275060
275066
275112
275124
275244
275265
276042
276054
276487
276509
276745
276753
276758
276763
277062
277166
277188
277266
277603
277607
277846
278412
278552
278843
278988
279019
279093
279100
279102
279153
279294
279310
279339
279345
279348
279355
279361
279497
279706
279739
279740
279902
280405
280572
280732
280768
281231
281235
281626
281712
281719
281867
282200
282202
282265
282340
282360
282407
282416
282497
282559
282566
282574
282578
282579
282596
282602
282637
282647
282657
282672
282676
282693
282698
282708
282753
282759
282783
282801
282830
282837
282841
282911
282935
282941
282951
282965
282973
282974
282983
283032
283041
283064
283112
283121
283136
283155
283159
283168
283183
283193
283195
283241
283262
283270
283273
283274
283279
283300
283325
283339
283376
283386
283408
283433
283456
283518
283535
283550
283557
283562
283606
283614
283616
283621
283634
283641
283642
283645
283665
283685
283696
283715
283730
283735
283739
283875
283879
283881
283916
283919
283947
283961
283966
283975
283989
284188
284191
284195
284282
284289
284348
284355
284539
284555
284614
284927
285083
285098
285108
285156
285394
286072
286077
286078
287787
288835
289097
289125
289126
289130
289132
289494
289590
289705
289786
289788
289791
289894
289974
289983
290000
291244
292062
293754
293765
293799
294316
294545
294574
294579
295043
295441
295569
295618
296202
296476
296478
296481
296498
296505
296529
296542
296745
296811
296877
296939
296973
296976
296977
296984
296986
297034
297035
297061
297067
297192
297196
297489
297535
297538
297581
297582
297585
297707
297717
297888
297889
297892
297898
297903
297906
297909
297911
297918
297919
297997
298069
298084
298086
298287
298311
299272
299284
299287
299289
299292
299821
300374
300375
300378
300381
300395
300773
301088
301094
301268
301376
301395
301459
301462
301471
301479
301490
301506
301508
301509
301512
301519
301522
301529
301539
301542
301552
301561
301565
301594
301672
301742
301745
301751
301757
301856
302450
302707
302952
303089
303489
303544
303547
303750
303848
303853
303894
303928
303959
304009
304112
304133
304195
304359
304405
304521
304531
304684
304689
304730
304781
304837
304840
304869
304907
304947
304954
305027
305052
305071
305078
305088
305123
305137
305146
305148
305150
305251
305301
305302
305339
305344
305364
305367
305453
305535
305547
305610
305664
305727
305803
305817
305819
305826
305872
305889
305982
306097
306131
306140
306156
306307
306308
306354
306400
306491
306492
306505
306639
306680
306844
306862
306866
306877
306879
306909
306919
306941
306982
307059
307165
307168
307176
307183
307234
307448
307632
307758
307969
307989
307993
308066
308080
308188
308216
308224
308253
308256
308265
308295
308296
308323
308329
308341
308353
308386
308763
308852
308873
308880
308885
308922
308924
308932
308936
308946
308952
308974
309004
309019
309031
309064
309078
309090
309097
309119
309131
309138
309143
309147
309153
309166
309168
309170
309179
309180
309181
309194
309195
309215
309219
309223
309243
309253
309264
309268
309271
309273
309280
309285
309293
309296
309307
309321
309327
309332
309348
309352
309360
309363
309377
309378
309383
309393
309394
309403
309411
309412
309422
309435
309440
309490
309495
309510
309513
309538
309539
309591
309602
309609
309611
309618
309620
309631
309633
309638
309641
309655
309657
309661
309667
309671
309675
309678
309686
309688
309696
309703
309707
309709
309711
309729
309731
309733
309759
309765
309794
309797
309814
309817
309865
309867
309872
309879
309882
309884
309888
309894
309920
309929
309932
309967
309968
309989
309998
310020
310045
310047
310051
310062
310072
310084
310095
310097
310099
310101
310103
310104
310106
310108
310124
310172
310202
310205
310209
310220
310229
310231
310233
310247
310254
310278
310280
310289
310300
310301
310304
310316
310336
310340
310347
310355
310358
310360
310377
310396
310429
310498
310504
310651
310704
310748
310782
310783
310784
310798
310819
310820
310823
310855
310862
311094
311167
311283
311826
311888
312423
312645
312717
312727
312775
312779
312826
312905
312921
312926
312956
313393
313427
313440
313531
313883
313885
313886
314053
315158
315587
315844
315994
316511
316557
316845
316953
316966
317046
317052
317053
317113
317115
317212
317374
317452
317475
317484
317485
317490
317785
318172
318260
318317
318465
318472
318557
318676
318682
318803
318805
318807
318846
318883
318905
318936
318999
319067
319071
319085
319306
319307
319327
319346
319562
319564
319784
319795
319796
319936
319940
319949
320034
320223
320231
320248
320249
320254
320260
320285
320307
320308
320313
320318
320341
320353
320355
320358
320364
320378
320388
320394
320622
320625
321006
321010
321091
321098
321113
321430
321436
321437
321448
321828
321873
321927
322865
322867
323786
324372
324882
324941
325079
325080
325311
325312
325529
325536
325540
325543
325547
325730
326104
326134
326140
326174
326177
326181
326193
326194
326198
326219
326224
326227
326258
326271
326274
326285
326304
326312
326335
326339
326375
326416
326419
326442
326468
326497
326524
326534
326546
326550
326558
326564
326595
326600
326648
326653
326656
326667
326684
326691
326712
326719
326735
326768
326799
326844
326860
326861
327411
327685
327687
327693
327841
327852
327860
327931
327942
327943
327948
327949
327951
328134
328306
328318
328365
328509
328511
328512
328513
328593
328596
328600
328764
328828
328975
329087
329097
329338
329651
330157
330161
330162
330351
330405
330412
330414
330522
330523
331039
331041
331087
332067
332071
332072
332243
332600
332725
332727
332728
332732
332734
332738
332748
332753
332767
332771
332774
332776
332803
332804
332807
332829
332842
332853
332862
332863
332870
332895
332945
332963
333243
333246
333251
333276
333284
333309
333321
333336
333352
333366
333375
333380
333472
333482
333487
333536
333576
333611
333630
333734
333897
333912
333916
333928
333945
333952
333978
334001
334013
334034
334078
334126
334133
334162
334180
334238
334243
334274
334299
334321
334362
334618
334656
334664
334772
334898
335027
335040
335059
335179
335250
335254
335348
335431
335433
335447
335502
335505
335577
335602
335614
335692
335769
335780
335788
335789
335793
335853
336031
336051
336111
336153
336159
336172
336204
336211
336216
336249
336263
336283
336291
336293
336306
336313
336337
336340
336342
336365
336368
336387
336396
336401
336417
336439
336453
336492
336495
336496
336498
336557
336562
336568
336596
336605
336620
336668
336678
336682
336693
336713
336715
336718
336720
336721
336733
336747
336751
336753
336755
336756
336758
336760
336776
336786
336793
336806
336810
336818
336834
336843
336881
336887
336900
336946
337032
337112
337114
337154
337192
337266
337319
337367
337425
337436
337444
337478
337479
337495
337525
337527
337529
337539
337567
337573
337587
337607
337621
337627
337655
337667
337693
337806
337828
337845
337890
337899
337944
337952
337953
338009
338021
338095
338148
338381
338431
338505
338543
338553
338614
338615
338648
338649
338670
338736
338768
338855
338912
338921
338930
338931
338937
339004
339097
339106
339165
339178
339192
339193
339195
339232
339271
339283
339304
339324
339331
339334
339348
339351
339353
339360
339379
339436
339439
339445
339453
339493
339500
339582
339851
339866
339913
340067
340105
340137
340183
340207
340212
340392
340396
340397
340410
340498
340508
340527
340574
340646
340648
340666
340706
340714
340733
340735
340831
340896
340899
340908
340933
340997
341098
341403
341406
341418
341425
341453
341456
341471
341563
341594
341812
341868
342046
342052
342080
342117
342143
342287
342387
342464
342493
342555
342713
342826
342829
342914
342944
342989
343087
343121
343155
343162
343220
343225
343229
343236
343283
343286
343309
343321
343337
343343
343357
343376
343389
343416
343425
343438
343522
343529
343549
343553
343565
343578
343582
343593
343602
343604
343616
343619
343705
343723
343725
343805
343960
343971
344101
344439
344622
344684
344744
344800
344852
344896
344939
344962
344968
345069
345095
345135
345139
345146
345154
345243
345249
345263
345328
345493
345559
345575
345682
345688
345790
345793
345813
345879
345896
345902
346029
346038
346091
346101
346107
346111
346115
346128
346263
346284
346320
346339
346341
346343
346359
346382
346516
346528
346540
346550
346555
346562
346579
346622
346640
346647
346653
346716
346724
346748
346751
347025
347049
347079
347114
347150
347153
347156
347162
347168
347184
347200
347213
347230
347232
347237
347247
347256
347270
347276
347292
347301
347334
347367
347373
347380
347387
347391
347402
347405
347413
347425
347433
347472
347497
347499
347501
347504
347509
347525
347540
347587
347644
347772
347788
347968
347983
347993
348095
348107
348147
348159
348202
348213
348288
348298
348299
348311
348343
348355
348387
348447
348449
348459
348481
348484
348558
348582
348588
348591
348604
348616
348623
348628
348682
348699
348721
348743
348757
348789
348895
349039
349050
349118
349128
349136
349139
349158
349216
349219
349229
349338
349347
349348
349406
349412
349416
349419
349438
349447
349480
349551
349627
349628
349629
349678
349687
349760
350011
350104
350287
350329
350385
350388
350390
350545
350549
350571
350710
350712
350747
351040
351060
351062
351068
351081
351084
351094
351097
351109
351131
351136
351150
351194
351209
351234
351300
351313
351317
351324
351325
351400
351414
351419
351446
351447
351451
351572
351650
351681
351785
352047
352061
352069
352079
352090
352093
352095
352157
352293
352367
352381
352382
352405
352605
352677
352733
352740
352758
352783
352790
352892
354186
354335
354358
354367
354380
354383
354390
354401
354446
354583
354698
355090
355390
355460
355561
355641
355925
356227
356259
356260
356261
356263
356482
356580
357068
357128
357721
357723
357751
357757
357831
357861
357865
357887
357888
358632
359348
360012
362486
362492
362493
362496
362958
364140
364622
365492
365958
366273
366907
367119
367134
368842
368905
369142
369775
369978
