276
1640
1647
2055
2363
2685
2918
2927
3118
3184
3187
3718
4142
4148
4384
4608
4884
5156
5671
5946
8061
9587
10374
10448
10455
11072
11481
11486
11574
11633
12039
12058
12193
12475
12535
12698
13094
13231
13260
13476
14162
14171
14175
14204
14413
14416
14463
14483
14503
14517
14521
14523
14526
14529
14532
14537
14542
14560
14563
14568
14583
14626
14627
14628
14631
14654
14675
14691
14696
14704
14726
14767
14785
14786
14789
14853
14864
14896
14897
14899
14905
14911
14913
14917
14952
15028
15089
15100
15133
15140
15148
15149
15177
15179
15187
15248
15254
15270
15313
15316
15417
15440
15449
15465
15503
15506
15519
15528
15582
15692
15697
15704
15705
15733
15737
15769
15848
15856
15876
15970
15976
15982
16009
16018
16019
16045
16057
16153
16170
16185
16186
16187
16188
16274
16359
16763
16878
17009
17531
17629
17652
17659
17950
17984
18231
18703
18891
18923
18924
18963
19001
19115
19433
19457
19458
19533
19695
19706
20440
20777
20895
22066
22112
22211
22212
23049
23596
23675
23780
23784
23811
23812
23868
23891
23947
24057
24062
24098
24172
24234
24237
24248
24318
24326
24342
24365
24382
26072
26076
26082
26091
26104
26654
28512
28627
28951
30784
31747
33255
33261
33325
34239
34267
34300
34301
34307
34337
34521
34544
34963
35119
35700
35954
35962
35963
35965
35971
35985
36686
38316
39260
39263
39268
39460
39461
39711
39712
41016
41124
41130
41200
41203
41233
42752
42866
43883
44794
44809
44880
46387
47145
47543
47752
47765
47817
47823
47832
47845
47939
48590
49508
49901
50528
50533
51018
51035
51114
51115
51153
51164
51178
51267
51287
51296
51304
51331
51405
51412
51419
52239
52724
52732
52733
52978
53655
53662
53677
53717
53721
53722
53766
54752
54839
54925
55089
55096
55109
55124
55169
55187
55313
55336
55337
55351
55352
55392
55489
55506
55537
55538
55547
55698
55734
55736
55742
55798
55874
56121
56148
56177
56188
56210
56255
56263
56293
56303
56355
56459
57105
57347
57404
57431
57443
57444
57463
57513
57538
57544
57545
57550
58991
60376
60960
61474
61625
61679
61723
61727
61797
62851
62895
62933
62942
63014
63174
63299
63354
63355
63376
63545
63642
63768
63775
63787
64049
64058
64086
64096
64408
64489
64495
64829
64980
65170
65171
65173
65290
65591
65644
65669
65723
65965
65966
65967
65969
66048
66049
66050
66054
66055
66243
66251
66375
66528
66532
66537
66539
66542
66562
66595
66612
66637
66647
66664
66735
66747
66869
66872
66878
66914
66915
67459
67718
68518
68712
69009
69014
69535
69583
69584
69588
69615
69648
69674
69677
69680
69693
69700
69702
69704
69712
69716
69767
69777
69784
69786
69793
69797
69854
69858
69860
69926
69934
69939
69973
69976
70017
70048
70064
71024
72450
72494
73058
73081
73099
73106
73133
73143
73183
73236
73246
73255
73266
73276
73281
73418
74367
74909
75306
75666
75730
75756
75825
75835
75878
75886
76013
77599
78064
78237
78286
78472
78665
78786
78806
78904
78905
79374
79735
79736
79739
79752
79757
79825
80380
80384
80392
80396
80831
80842
80846
80945
80949
80972
80976
81162
81163
81164
81469
81485
81503
81509
81511
81579
81603
81604
81607
82005
82147
82258
82403
82767
83167
83180
83817
83847
84201
84440
84542
84639
84687
84859
84959
85187
85192
85204
85237
85539
85542
85550
85817
85823
86111
86112
86258
86265
86266
86277
86564
86613
86744
86760
86762
86880
87161
87165
87181
87298
87331
87358
87384
87402
87415
87434
87511
87899
88096
88238
88252
88254
88480
88622
88665
88890
88892
88895
88900
88949
88997
89026
89031
89076
89157
91433
91611
92203
92395
93933
94423
94632
95129
95143
95148
95512
95786
95816
96797
96804
96805
96809
96811
96821
96837
96848
96860
96866
96873
96882
96883
96900
96901
96907
96931
96932
96937
96940
96942
96947
96967
96976
96984
96993
96998
97011
97018
97021
97042
97044
97048
97064
97065
97075
97096
97103
97119
97122
97123
97124
97130
97139
97142
97144
97149
97156
97167
97330
97334
97336
97337
98927
99049
99071
99072
99076
99091
99386
99644
99677
101069
101071
101094
101103
101397
101688
102210
102536
102692
102805
102817
103444
103841
103898
104201
104420
104906
104919
104936
104944
105223
105328
106460
106671
106868
107574
108299
108389
108391
108420
108457
108508
108512
109777
110846
111495
111525
112016
112056
112103
112120
112247
112250
115513
116595
118136
121073
121535
122495
122499
122530
122540
122548
122562
122565
122567
122572
123144
123711
123718
123735
125074
125644
125999
126132
126142
126482
128438
131982
131983
131984
131996
132015
132083
132110
132848
134065
135148
135149
135760
135940
135942
135946
135983
135992
136057
136170
136197
136224
136299
136341
136386
136387
136390
136650
136701
137461
137464
137483
137484
137489
137572
137575
137603
137638
137645
137802
137958
137969
138096
138319
138752
138808
139041
139066
139067
139068
139071
139087
139665
140175
140950
142859
142912
142938
142941
143011
143018
143025
143027
143036
143152
143154
143188
143192
143200
143247
143272
143352
143366
143377
143407
143425
143464
143623
143631
143757
143759
143795
143853
143857
143873
143886
143892
143900
143903
143921
143922
143932
143942
143945
143966
143975
144026
144028
144042
144046
144058
144064
144071
144086
144128
144140
144143
144148
144166
144167
144168
144183
144193
144198
144199
144212
144222
144236
144277
144315
144337
144338
144347
144363
144365
144396
144401
144409
144431
144490
144499
144518
144545
144548
144692
144747
144754
144819
144983
144984
145014
145018
145091
145149
145295
145303
145407
145419
145440
145508
145672
145723
145852
146106
146126
146471
146537
147122
147388
147393
147399
147412
147417
147419
147420
147730
147736
147778
147835
147842
147858
147869
147872
147885
148233
148311
148391
148447
148651
148738
148745
149116
149120
149281
149314
149321
149338
149340
149360
149385
149394
149397
149408
149455
149485
149491
149500
149522
149537
149542
149580
149651
149921
149946
150013
150062
150070
150083
150295
150298
150337
150362
150373
150377
150379
150405
150417
150423
150650
150657
150732
150913
150973
151000
151270
151521
151588
152576
152765
153090
153173
153177
153181
153182
153232
153257
153341
153344
153371
153380
153384
153390
153510
153513
153515
153523
153538
153649
153681
153731
153881
153903
153911
153932
153934
153935
153941
153962
153991
153998
154052
154058
154101
154102
154120
154158
154237
154253
154292
154339
154342
154519
154657
154674
154704
154708
154713
154714
154937
154961
154963
154964
154965
154996
155026
155043
155256
155257
155259
155260
155261
155264
155280
155322
155323
155326
155335
155708
155772
155824
155836
155853
155867
155890
156066
157151
157155
157160
157174
157216
157309
157322
157325
157329
157374
157395
157910
158003
161204
161315
161325
161686
161719
163607
163652
164493
164522
165546
165550
165667
165669
165803
166458
166459
167087
167089
167093
167094
167099
167106
167469
167484
167497
167830
167831
168051
168375
168891
169333
169352
169451
169474
169650
169902
170196
170208
171203
172049
172070
172155
172222
172239
172326
173046
173146
174613
175197
175204
175235
175247
175278
175279
175773
175813
175821
175822
175907
176381
176387
176403
176416
176421
176432
176985
176986
177231
179204
179205
179734
179735
179738
179877
180301
180304
180730
180735
180771
180772
180970
180986
181533
181880
182196
182197
182215
182440
182443
182509
182845
183654
183806
183807
183816
184011
184067
184068
184133
184152
184160
184313
184639
184663
184723
184739
184740
184760
184813
184815
184824
184840
184848
184858
184888
184947
184952
184960
184962
184982
184984
185009
185034
185071
185075
185104
185105
185106
185124
185147
185161
185188
185196
185200
185262
185264
185287
185326
186327
186829
186930
186936
186944
187117
187133
187168
187194
187235
187640
187656
187708
188076
188176
188178
188544
188549
188552
189220
189564
190095
190096
190106
190653
190875
190909
191543
192991
193017
193023
193155
193306
193351
193365
193873
193875
194537
194551
194703
194733
194873
194895
195175
195678
195708
195710
195908
196112
197177
197178
197351
197352
197396
197471
197477
197501
197905
197928
198021
198030
198037
198053
198058
198060
198070
198106
198126
198128
199137
199170
199216
199723
199728
199737
199759
199767
199780
199788
199866
199878
199883
199901
199904
199985
199991
199994
200021
200031
200068
200081
200082
200089
200092
200121
200135
200144
200168
200172
200189
200243
200275
200315
200328
200380
200403
200479
200536
200598
200600
200629
200636
200642
200654
200676
200687
200689
200710
200771
200776
200783
200807
200846
200903
200906
200923
200937
200954
200968
200983
200999
201017
201026
201037
201091
201105
201110
201116
201120
201137
201147
201154
201163
201172
201186
201202
201205
201209
201216
201222
201235
201238
201249
201272
201288
201329
201360
201496
201509
201542
201558
201578
201600
201605
201618
201634
201638
201668
201689
201769
201774
201787
201807
201808
201820
201826
201848
201860
201873
201880
201882
201883
201885
201888
201896
201898
201899
201916
201925
201937
201949
201963
201965
202068
202105
202233
202247
202407
202415
202483
202507
202520
202550
202552
202582
202589
202592
202614
202627
202655
202666
202694
202733
202740
202775
202784
202811
202888
202897
202953
202985
202989
203005
203072
203085
203130
203144
203151
203155
203175
203183
203186
203223
203228
203235
203240
203252
203271
203280
203317
203324
203343
203359
203362
203367
203422
203430
203438
203447
203460
203469
203510
203518
203537
203548
203559
203560
203568
203571
203579
203585
203605
203628
203630
203736
203742
203815
203825
203899
203922
203935
203939
203951
203991
203993
203997
204002
204034
204105
204107
204141
204202
204259
204359
204368
204377
204403
204447
204512
204524
204564
204572
204580
204608
204614
204647
204671
204696
204793
204802
204811
204836
204843
204848
204873
204878
204896
204932
204943
204945
204953
204999
205009
205011
205027
205033
205052
205054
205063
205085
205122
205157
205231
205239
205278
205283
205288
205292
205323
205332
205345
205350
205359
205390
205410
205453
205457
205470
205522
205528
205534
205553
205603
205697
205712
205721
205737
205772
205777
205789
205903
205923
205981
206044
206047
206133
206228
206234
206242
206251
206258
206276
206277
206278
206281
206283
206289
206309
206315
206318
206327
206337
206347
206352
206379
206385
206392
206414
206423
206435
206467
206497
206499
206529
206531
206533
206570
206582
206601
206610
206666
206681
206688
206689
206700
206703
206718
206768
206784
206791
206804
206816
206935
207008
207065
207069
207468
207529
208079
208084
208964
209525
209542
209543
209547
209556
209578
209647
209799
210918
211007
211037
211448
211673
211904
212283
212286
212288
212293
212306
212399
212489
212863
212994
213239
213279
213526
213540
213578
213628
213748
213836
213869
213916
213925
214029
214091
214108
214399
214400
214444
214606
214751
214754
216328
216675
216890
216983
217015
217063
217068
217075
217093
217217
217269
217284
217369
217472
217480
217486
217491
217507
217508
217521
217526
217532
217534
217544
217546
217585
217605
217709
217711
217728
217734
217736
217756
217763
217766
217786
217791
217859
217953
217970
217988
217993
217996
218068
218072
218101
218152
218341
218342
218343
218413
218610
218618
218648
218659
218661
218693
218770
218984
218989
219017
219046
219084
219132
219143
219156
219185
219221
219225
219237
219239
219261
219275
219312
219317
219336
219348
219351
219373
219386
219437
219445
219485
219498
219501
219527
219539
219555
219590
219617
219635
219652
219697
219722
219753
219797
219862
219874
219969
220045
220051
220087
220121
220148
220168
220268
220318
220330
220366
220410
220575
220829
221791
222094
222120
222124
222131
222138
222141
222146
222156
222162
222165
222186
222190
222192
222208
222238
222277
222442
222456
222460
222475
222490
222492
222500
222505
222514
222518
222549
222561
222566
222572
222576
222577
222580
222591
223188
223212
223214
223279
223333
223459
223678
224230
224291
224347
224515
224621
224689
224811
224820
224823
224971
225199
225302
225303
225417
225837
225841
225852
226467
226542
227502
227503
228279
228291
228293
228713
228742
228752
228830
228893
228960
229132
229276
229414
229415
229454
229588
229632
229645
229650
229651
229652
229670
229686
229862
230008
230011
230121
230222
230282
230284
230617
230868
231675
231821
231823
231840
231908
231909
231911
231921
231933
231960
231978
231990
231994
232006
232007
232012
232016
232017
232148
232232
232375
232507
232535
232583
232597
232601
232628
232634
232638
232979
233133
233246
233279
233285
233295
233299
233311
233322
233328
233331
233332
233353
233390
233392
233409
233412
233416
233443
233450
233463
233470
233471
233479
233482
233503
233517
233518
233552
233597
233598
233634
233637
233664
233688
233702
233728
233732
233845
233976
234179
234205
234208
234216
234224
234229
234265
234289
234299
234362
234376
234397
234421
234455
234460
234471
234472
234477
234501
234514
235095
235125
236475
237224
237443
237450
237457
237552
237594
237595
237934
237935
237936
237937
238126
238128
238874
238948
238968
238971
238974
238980
238982
238990
238997
238999
239616
239633
239749
240000
240008
240135
240269
240472
240609
240698
240838
240849
242100
242147
242167
242169
242256
242257
242351
242352
242438
242439
242711
242712
242735
243567
243623
243688
243689
243764
243813
244258
244305
244363
244468
244551
244552
244583
244658
244698
244979
244987
244988
245014
245128
245146
245147
245154
245166
245167
245605
245713
245921
245987
246174
246190
246191
246524
246528
246533
246595
246624
247018
247177
247181
247250
247271
247275
247343
247481
247874
247919
247927
247946
248043
248067
248103
248155
248700
249044
249094
249129
249294
249302
249408
249447
249475
249478
249520
249521
249571
249644
249726
249828
249836
250347
250527
250557
250774
250801
250870
250881
251041
251057
251363
251368
251551
251562
251598
251753
251817
251818
251933
251961
252204
252239
252566
252619
252620
252625
252630
252647
252652
252666
252668
252681
252766
252769
252778
252785
252788
252792
252817
252836
252837
252844
252863
252882
252896
252899
252935
252942
252943
252945
252948
252949
252956
252987
253038
253086
253110
253120
253146
253181
253186
253192
253213
253218
253222
253236
253256
253261
253274
253291
253296
253299
253301
253320
253322
253331
253345
253485
253559
253567
253576
253592
253606
253670
253685
253694
253742
253915
253923
253927
253928
253934
253938
253956
253957
254053
255355
255678
255804
255809
256034
256384
256404
256412
256426
256440
256478
256548
256811
256903
256905
256975
257034
257705
257758
258486
258492
258493
258549
258572
258580
258665
258666
258676
259906
260303
261457
261831
262007
262158
262261
262262
262263
262365
262508
263029
263030
263138
263154
263783
264781
264887
265049
265124
265294
266033
266665
266751
267011
267049
267322
267350
267352
267353
267480
267579
267585
268694
269070
269075
269536
269652
269696
269704
269722
269751
269765
270349
270362
270869
271039
271058
271111
271325
273514
275021
275062
275072
275201
275919
276059
276064
276505
276749
277189
277270
278543
278989
279082
279095
279125
279316
279342
279501
279727
279901
280769
280996
281638
281732
282178
282351
282392
282587
282618
282632
282643
282679
282716
282754
282802
282829
282840
282894
282907
282933
282945
282975
283027
283029
283061
283111
283124
283215
283266
283278
283298
283303
283304
283322
283333
283348
283349
283374
283407
283426
283430
283522
283541
283565
283587
283624
283626
283647
283656
283692
283704
283722
283725
283726
283786
283842
283853
283915
283918
283940
283949
283983
284030
284267
284290
284499
284540
284630
285222
285353
285396
285410
288947
289092
289093
289129
289131
289133
289136
289491
289708
289897
289971
289972
293753
293775
296479
296483
296499
296502
296512
296519
296521
296525
296530
296532
296537
296978
297068
297193
297194
297533
297885
297887
297916
297917
298011
298081
298288
298301
298305
298306
298313
298639
299253
299286
299290
299657
300396
301091
301092
301296
301468
301475
301485
301510
301516
301524
301540
301559
301593
301688
301689
303087
303245
303293
303310
303541
303953
304008
304037
304044
304545
304685
304686
304687
304824
304906
305036
305051
305085
305102
305121
305128
305395
305549
305645
305649
305740
305821
306125
306234
306454
306488
306494
306502
306823
307060
307065
307076
307199
307841
308200
308255
308270
308294
308317
308325
308330
308340
308372
308388
308856
308868
308874
308875
308878
308909
308921
308937
308966
308981
308990
308999
309021
309058
309061
309079
309081
309111
309123
309133
309137
309140
309141
309145
309150
309161
309167
309182
309188
309207
309233
309246
309249
309258
309309
309324
309385
309400
309522
309544
309572
309592
309593
309597
309612
309632
309637
309645
309670
309712
309718
309721
309744
309753
309784
309819
309824
309833
309866
309873
309876
309880
309902
309904
309907
309943
309955
309959
309997
309999
310001
310032
310041
310088
310089
310090
310093
310111
310115
310129
310141
310152
310196
310214
310219
310226
310271
310281
310288
310308
310343
310349
310361
310372
310399
310402
310415
310454
310462
310490
310739
310747
310752
310788
310817
311192
312527
312630
312638
312639
312777
312825
312946
313131
315843
316542
316868
316922
316955
317054
317138
317376
317477
317482
317489
317611
318819
318929
318968
318983
318984
319086
319308
319323
319324
319325
319353
319591
319597
319862
319867
319905
319937
320239
320247
320256
320280
320291
320300
320323
320326
320384
320758
321005
321104
321322
321323
321903
322866
324883
325527
325541
325544
325553
325825
325834
326138
326164
326165
326168
326170
326173
326217
326259
326260
326269
326272
326275
326341
326417
326418
326428
326499
326533
326542
326543
326658
326687
326714
326720
326795
326798
326800
326859
326921
327412
327557
327558
327559
327686
327692
327842
327851
327853
327862
327872
327880
327912
328056
328133
328317
328594
328688
328763
328830
328939
328976
328977
329339
330352
330353
330357
330369
330382
330386
331025
331088
331089
332065
332150
332733
332742
332743
332746
332762
332769
332833
332837
332901
332929
333296
333304
333323
333385
333392
333524
333542
333807
333986
333995
334020
334031
334060
334071
334096
334201
334269
334280
334306
334312
334315
334799
334862
335388
335436
335530
335539
335717
335726
335778
335781
335786
335791
335795
336059
336073
336129
336142
336145
336165
336187
336192
336217
336219
336236
336243
336269
336288
336296
336320
336332
336357
336385
336391
336398
336404
336450
336455
336521
336528
336530
336540
336547
336553
336565
336592
336612
336643
336657
336659
336663
336681
336685
336741
336750
336770
336772
336773
336782
336795
336828
336879
336884
336892
336902
336931
336934
337083
337349
337521
337551
337574
337578
337589
337591
337664
337807
337942
338149
338151
338399
338400
338504
338544
338546
338585
338606
338746
338754
338939
339011
339018
339076
339128
339196
339197
339207
339280
339300
339311
339336
339408
339488
339490
339511
340009
340016
340406
340500
340569
340576
340633
340643
340658
340697
340702
340824
340884
341035
341263
341389
341420
341855
341858
341874
342082
342651
342932
342943
343003
343031
343050
343073
343092
343158
343164
343206
343222
343418
343479
343481
343514
343517
343527
343547
343548
343554
343567
343574
343581
343600
343624
343629
343654
343675
343985
344103
344418
344747
344882
345020
345071
345111
345129
345175
345414
345664
345690
345940
346012
346032
346097
346244
346298
346340
346342
346503
346523
346604
346618
346636
346642
346649
346681
346709
346736
346758
346856
346936
347081
347119
347133
347135
347138
347169
347171
347204
347234
347249
347279
347282
347294
347363
347382
347401
347426
347431
347450
347491
347503
347506
347601
347622
347630
347666
347781
347791
348069
348077
348408
348453
348472
348580
348600
348679
349143
349221
349572
349622
349626
349630
349680
350383
350594
350604
350895
351064
351065
351164
351200
351205
351207
351215
351238
351279
351302
351396
351406
351410
351411
351425
351430
351615
351625
351746
351955
352097
352106
352113
352137
352187
352229
352264
352632
352894
354369
354370
354378
354393
354396
355198
355558
355907
356307
357112
357522
357529
357859
357860
358167
358192
359176
359763
360013
369607
369793
369979
369981
370014
