1889
2131
3034
3117
3188
3639
3698
3729
4939
5157
5867
5868
8444
8881
10451
10480
11920
11921
12194
12499
12696
12706
12713
13805
14425
14467
14480
14481
14514
14527
14534
14538
14541
14545
14553
14584
14589
14621
14634
14648
14679
14778
14782
14800
14901
14926
14929
14937
14943
15017
15036
15082
15088
15143
15153
15180
15213
15214
15245
15287
15319
15443
15489
15502
15553
15659
15721
15753
15847
15861
15879
15884
16010
16056
16063
16143
16159
16172
16273
16320
16322
16346
16862
18872
19090
19460
19470
19690
19697
20322
20432
20433
22062
22065
22122
22182
22215
22228
23674
23703
23821
23830
23839
24149
24278
24280
24362
26066
26073
26099
26107
26115
26933
27047
28409
28938
31712
31809
33262
34238
34355
34434
34520
34921
35942
35970
39256
39264
40321
41123
41196
41202
41210
44790
44807
44810
44890
47431
47810
47833
49696
50532
50971
50973
51297
52232
52240
52718
52720
53659
53661
53719
53726
53732
53753
53758
53763
54150
54924
54929
55051
55061
55080
55097
55129
55130
55131
55314
55324
55512
55536
55552
55737
55744
55750
55935
55970
56118
56120
56146
56147
56176
56292
57540
57546
60271
60301
61043
61824
62357
62943
63356
63770
64097
65172
65585
65666
65927
66525
66535
66538
66581
66611
66741
66742
66916
68515
69107
69135
69288
69536
69556
69574
69581
69642
69663
69667
69671
69676
69684
69685
69715
69770
69774
69806
69817
69827
69921
69930
69938
69965
69967
69974
69981
70039
70084
70112
71379
73079
73148
73256
73268
74942
75733
75838
77600
77602
78300
80950
81038
82185
82346
82766
82813
84176
84543
84960
85189
85190
85543
85545
85547
85824
85825
86351
86748
87277
87286
87557
87563
87663
87760
88725
88729
88879
88894
88898
88901
89198
89344
89484
93930
93934
93938
94329
94424
95131
95246
96819
96822
96823
96840
96842
96844
96849
96865
96870
96884
96889
96917
96954
97037
97057
97063
97071
97104
97135
97143
97150
97159
97166
97248
99061
99081
99085
99861
101276
101398
102228
102255
102808
102915
103875
103876
104416
104503
104861
104934
104939
104993
105905
106174
107871
108047
108428
108439
108477
108507
108511
108515
112049
112253
117074
117904
121539
121551
122527
122529
122543
122546
122564
122606
123802
123964
123979
125075
126007
126013
128593
132064
133114
134991
135816
135967
136006
136007
136090
136130
136463
136672
137028
137130
137553
137604
137733
137959
138094
139000
139032
139047
139072
139073
139074
139270
140381
142657
142951
142965
143013
143149
143156
143266
143373
143409
143630
143788
143800
143817
143824
143855
143856
143893
143894
143898
143905
143909
143916
143920
143969
143994
144048
144053
144082
144096
144105
144114
144145
144163
144194
144195
144196
144263
144278
144319
144375
144413
144418
144419
144421
144433
144442
144447
144476
144492
144603
144970
145015
145282
145294
145301
145397
145509
145724
147387
147411
147418
147816
148290
148313
148730
148731
148737
148742
149115
149292
149298
149316
149390
149399
149405
149490
149495
149539
149577
149591
149648
149923
149935
150015
150059
150072
150076
150300
150322
150324
150327
150334
150728
150801
150970
151406
151510
153174
153183
153373
153394
153682
153683
153796
153841
153936
153937
153940
153954
153966
153975
153976
153997
154055
154065
154067
154082
154092
154291
154340
154343
154705
154715
154809
154814
154842
154853
155027
155038
155320
155321
155325
155490
155669
155686
156062
157162
157167
157314
157327
157371
161324
165656
167092
167103
167110
167118
167471
167492
167499
169473
171796
174801
175277
175835
176382
176388
176429
176435
177803
177911
178941
180761
180767
181618
181996
181998
183116
183557
183616
183626
184147
184640
184727
184742
184795
184796
184814
184820
184851
184853
184941
184961
184963
185004
185012
185028
185035
185041
185067
185068
185107
185195
185263
187169
187657
187709
188177
188376
188548
190461
191574
192562
193152
193874
193881
194465
194580
195179
195707
197522
197915
197918
197966
197967
198027
198035
198057
199763
199801
199908
200141
200158
200164
200284
200304
200318
200421
200550
200573
200611
200683
200686
200820
200822
200826
200835
200851
200858
200864
200879
200905
200910
200912
200931
200972
200998
201071
201081
201088
201131
201142
201144
201149
201192
201214
201229
201240
201275
201279
201290
201301
201439
201575
201607
201613
201695
201712
201713
201729
201748
201800
201809
201816
201945
201947
201975
202153
202300
202472
202494
202495
202510
202545
202579
202690
202833
203076
203193
203220
203249
203262
203347
203396
203397
203414
203440
203454
203471
203500
203503
203506
203531
203533
203535
203536
203551
203564
203573
203582
203589
203632
203896
203983
204008
204011
204027
204037
204157
204190
204268
204299
204317
204357
204371
204456
204467
204566
204618
204641
204665
204677
204682
204704
204721
204813
204847
204864
204875
204917
204942
204955
204956
204961
204991
205013
205074
205090
205200
205203
205279
205439
205462
205530
205536
205621
205641
205662
205723
205886
205925
206066
206106
206136
206157
206280
206286
206291
206354
206361
206368
206381
206406
206419
206429
206438
206522
206527
206539
206613
206685
206693
206715
206728
206744
206780
206795
206806
208095
209559
210368
211309
211371
211897
212249
212262
212265
212275
212315
212316
212979
213289
213915
213964
214098
214286
214392
214398
216853
216882
216926
216996
217046
217051
217321
217325
217363
217364
217385
217409
217473
217529
217698
217719
217744
217814
217819
217821
217853
217954
217994
218005
218088
218140
218323
218602
218608
218631
218636
218638
218662
218663
218707
218720
218824
218880
218887
219061
219126
219152
219162
219217
219229
219263
219271
219295
219298
219313
219318
219448
219502
219508
219540
219633
219661
219662
219816
219869
219870
219871
219956
220037
220038
220046
220077
220286
220292
220314
220379
220394
222109
222113
222128
222144
222147
222148
222158
222164
222174
222220
222225
222234
222237
222279
222477
222488
222499
222529
222557
222588
222590
223220
223452
224105
224290
224293
224514
224542
224545
225414
225764
225831
226569
226579
229099
229314
229440
229574
229647
230481
231782
231827
231959
231991
231996
231998
232008
232027
232247
232278
232678
232870
232978
232980
233130
233137
233292
233321
233370
233389
233394
233459
233481
233527
233620
233622
233635
233666
233670
233698
233943
234215
234228
234231
234259
234285
234296
234301
234409
234452
234470
234480
234497
234513
234520
237223
237442
237596
238127
238901
238938
238975
239007
240136
240137
240211
240241
240473
240734
240825
241994
242214
242436
242579
243564
243621
243633
243849
244444
244626
244627
245008
245121
245148
245217
246065
246529
246534
247741
247762
247879
247880
247902
248030
248032
249445
249733
249774
250214
250424
250437
250631
250775
250800
250872
251373
251819
252587
252589
252592
252597
252600
252602
252609
252613
252618
252623
252638
252643
252646
252648
252655
252660
252661
252663
252672
252683
252689
252692
252719
252744
252751
252774
252775
252779
252786
252819
252829
252832
252845
252846
252850
252859
252865
252883
252938
252944
252957
252958
253024
253036
253041
253051
253070
253071
253087
253113
253135
253149
253150
253189
253190
253194
253219
253225
253227
253232
253259
253302
253344
253535
253542
253572
253646
253658
253668
253677
253679
253688
253693
253704
253738
253745
253746
253827
256382
256423
257378
257706
258505
258506
258579
258629
258636
262267
266842
267349
267357
267359
269365
269640
271040
272632
275063
275070
276057
276058
276062
277190
279377
279726
279728
279757
281119
281868
282560
282673
282699
282755
282756
282831
282843
282942
283033
283065
283137
283190
283280
283301
283454
283519
283567
283570
283615
283623
283666
283697
283716
283772
283831
283882
284343
284350
285221
285395
288860
293795
294544
294687
296477
296482
296485
296486
296488
296494
296501
296503
296520
296522
296526
296527
296531
297103
297183
297519
297532
297534
297584
297713
297884
297891
297896
297899
297914
298290
299285
300347
300380
301101
301470
301474
301523
301558
301675
302426
302451
304784
305037
305122
305130
305365
305392
305728
305887
306132
306136
306845
306859
306874
306908
306983
307166
308068
308248
308284
308356
308392
308867
308899
308914
308923
308947
308980
309069
309098
309152
309178
309238
309286
309294
309331
309355
309364
309379
309404
309418
309532
309621
309634
309639
309643
309644
309658
309677
309687
309697
309723
309754
309760
309795
309798
309815
309916
309917
309921
309930
309933
309973
309982
309993
310007
310021
310109
310125
310140
310173
310198
310204
310206
310221
310234
310248
310283
310317
310342
310363
310430
310652
310721
310816
310822
312906
313856
316864
316870
316928
316933
316954
317004
317161
317300
318462
318469
318678
318821
318937
318941
319865
319938
319939
320201
320255
320257
320266
320274
320290
320298
320301
320350
320397
320426
321004
321012
321013
321450
321869
321912
325520
325526
325528
325548
326113
326167
326171
326199
326239
326421
326577
326761
326801
326802
326805
326807
326862
326905
327555
327556
327560
327561
327605
328766
330368
330370
330371
330407
330411
331042
332723
332729
332741
332744
332786
332836
332843
332864
332903
332904
333230
333302
333311
333337
333364
333473
333537
333577
333746
334002
334008
334014
334022
334076
335181
335426
335785
335794
335851
336149
336182
336200
336207
336307
336428
336532
336558
336608
336665
336669
336716
336734
336743
336761
336774
336775
337530
337585
337611
337884
338416
338617
338748
339072
339091
339166
339255
339338
339349
339440
339494
339852
340208
340213
340220
340264
340493
340507
340730
342885
342925
343287
343383
343556
343594
343605
343614
344658
345037
345096
345140
345192
345244
345255
345275
345846
346116
346129
346577
347214
347238
347271
347403
347510
347783
348046
348060
348097
348356
348448
348450
348467
348482
349051
349217
350012
350391
350532
351195
351208
351210
351274
351292
351415
352070
352099
352108
352741
354373
354382
354385
354388
354391
354395
354433
356273
356484
356581
357069
357107
357405
357866
359174
359179
360014
369657
369730
369982
369983
