275
3702
3786
4403
4937
8891
9952
10269
12032
12035
12059
12697
13477
14466
14470
14472
14522
14533
14582
14657
14790
14898
14906
14941
14942
15084
15150
15249
15255
15448
15529
15585
15701
15703
15770
16017
16136
16207
16208
16347
17624
18702
19715
22181
22523
23528
23831
23880
23970
24319
24352
24412
25301
26068
26116
26934
28159
28532
31804
31805
31811
31844
34268
34365
35953
35986
39244
39281
41201
41215
44791
47841
48579
49692
49695
51192
52734
53653
53660
53716
54923
55081
55323
55329
55332
55347
55348
55508
55738
55967
56039
56117
56256
57106
57479
57534
57537
58926
58992
61475
62358
64093
66252
66540
66577
66613
66866
66874
69006
69011
69563
69585
69645
69646
69673
69709
69778
69783
69787
69867
69927
69929
69935
70063
70083
71028
74941
75709
75757
75783
78236
79520
79737
79764
79807
79810
81036
81460
81472
81500
81505
82161
84697
85186
85188
85191
85546
85821
86749
86763
87761
88067
88896
89077
89486
94425
95270
96798
96801
96808
96812
96826
96827
96830
96831
96843
96876
96933
96953
96977
96985
96992
97012
97056
97062
97067
97074
97092
97094
97106
97113
97141
97146
97152
97153
97157
97168
99065
99073
103226
103878
104193
104194
104907
104984
105329
105330
106672
107867
108300
108379
108510
109015
109851
121519
122494
122521
122538
122541
122544
122547
122552
122571
126135
126201
135753
135995
136646
136647
137394
137554
139042
139085
139088
140436
142755
142950
142952
142956
143155
143269
143375
143816
143854
143923
143925
143976
143988
143996
143997
144031
144059
144108
144123
144138
144141
144213
144311
144397
144408
144443
144451
144464
144470
144504
144521
144748
144749
144791
145280
145288
145297
145302
145421
145713
145738
147400
148167
148324
148817
149294
149322
149339
149387
149395
149559
150413
150998
153484
153506
153517
153843
153939
153979
154047
154053
154083
154135
154176
154341
154344
154547
154962
155039
155241
155265
155722
155843
155990
157169
157316
157319
163608
167102
167498
167501
172153
172327
175170
175249
175712
175837
175852
176383
176393
177804
180305
180768
180981
182205
182206
182212
182901
183441
183733
183887
184729
184741
184798
184842
185003
185011
185070
185189
186937
187130
190088
193021
193978
197969
198029
199709
199781
199794
199879
199902
199905
199986
200078
200136
200137
200143
200169
200320
200481
200531
200688
200853
200907
201000
201027
201087
201121
201151
201155
201203
201217
201236
201609
201620
201775
201881
201884
201891
201897
201926
201966
202069
202270
202309
203187
203231
203345
203519
203538
203549
203556
203558
203561
203574
203586
203655
203898
203959
203998
204106
204108
204360
204404
204617
204672
204697
205086
205092
205158
205281
205295
205375
205448
205454
205458
205471
205527
205533
205698
205852
206235
206238
206290
206375
206667
206716
210161
212271
212290
212312
212318
212615
213523
213541
213751
213992
214396
214401
214749
214794
216858
216984
217064
217474
217492
217522
217533
217547
217757
217764
217838
218344
218611
218649
218664
218694
218701
218702
218704
218712
219140
219210
219309
219446
219464
219503
219587
219754
219872
219957
220088
220169
220269
220288
222130
222142
222149
222157
222189
222243
222249
222278
222453
222455
222476
222515
222556
223217
224019
224224
224292
224934
224967
224968
225419
225771
225849
226552
226554
227493
228432
229642
229653
230010
230028
230595
231912
231922
231988
232035
232150
232229
232311
232868
232915
233106
233134
233136
233141
233149
233329
233393
233447
233519
233568
233585
233602
233811
233919
233944
234204
234211
234214
234232
234290
234294
234300
234377
234398
234408
234454
234502
237501
237551
237939
238797
238939
242353
249434
249479
249534
249570
249825
249833
250658
251379
251705
252596
252616
252669
252718
252740
252770
252838
252855
252864
252922
252923
252927
252928
252950
252954
252960
252961
253133
253153
253156
253197
253297
253300
253303
253561
253675
253686
253737
253743
253828
255734
257035
258606
265121
266185
267346
267347
268472
269298
269310
272971
275052
275054
275071
276048
276055
276063
276746
278961
279343
279503
280734
282619
282621
282633
282680
282842
282946
283039
283375
283566
283569
283627
283648
283785
283821
283843
283854
283950
288859
296487
296500
297101
297102
299254
301093
301465
301545
301673
302445
303088
304688
305089
305393
305394
306972
307975
307985
308319
308850
308884
308912
308994
309000
309015
309112
309146
309183
309185
309236
309250
309401
309487
309614
309713
309820
310042
310096
310100
310155
310223
310341
310362
310373
310416
310455
312778
316869
318820
318885
318963
318964
319782
319868
319982
320258
320283
321269
321444
326166
326172
326340
326578
327606
327698
327699
328310
332722
332726
332730
332749
332759
332760
332838
332928
333305
333808
334004
334010
334072
334138
334313
335562
335783
336151
336188
336208
336209
336218
336289
336297
336529
336548
336554
336606
336607
336658
336660
336771
337113
337592
337608
337609
337610
337804
338552
339409
339492
340495
341854
343224
343631
344419
344932
345274
345617
345848
346704
346710
346857
347235
347507
348443
349144
349573
350384
350603
351216
352121
352188
352380
354203
356483
358281
363140
369976
369980
