274
2147
2170
4400
4401
4402
11918
12033
12037
13313
13753
14454
14482
14524
14535
14543
14575
14590
14658
14680
14697
14756
14915
14916
14927
14932
15083
15118
15119
15120
15321
15323
15324
15499
15702
15867
16259
18634
20455
23951
26936
28160
31781
33240
35958
35964
41195
41206
44806
52719
53663
53667
53707
53764
53765
54921
55317
55318
55322
56246
57125
63352
66056
69672
69682
69707
69717
69978
69979
69980
73269
77943
82763
85813
86261
86268
87637
87845
88899
93937
96807
96824
96833
96841
96847
96891
96915
96935
96991
97072
97085
97105
97133
97151
99053
99066
99074
102254
104421
104935
107109
121516
121518
122528
122566
126144
136644
137488
137723
138095
139033
140010
142996
143150
143374
143376
143405
143895
143896
143897
143917
143995
144106
144339
144448
144466
145281
145286
149389
149561
150270
150376
153171
153179
153518
153931
153938
154022
154066
154084
154085
154702
154710
154810
162723
165529
165655
167078
172152
175248
176384
176385
176395
176417
180736
181070
182207
183734
184728
184797
184844
184845
185031
185042
185069
185112
190053
195679
197893
198028
198036
198052
199764
200024
200165
200207
200319
200520
200859
200911
200934
200973
201072
201089
201143
201145
201614
201619
201730
201734
203327
203342
203410
203509
203572
203583
203916
204156
205014
205201
205450
205456
205724
206745
211912
212261
212266
212267
212313
212864
213786
214792
217047
217052
217530
217820
218021
218705
218708
219067
219449
219663
219873
220315
222108
222129
222175
222207
222454
222489
223228
224543
224744
224969
227492
230286
232281
232294
232493
232572
232600
232679
232950
233249
233293
233569
233636
233680
234223
234225
234276
234286
234453
235093
237502
237534
238052
238914
240930
244445
244628
245122
246549
248034
249448
250114
250115
251706
251720
252598
252614
252641
252644
252649
252656
252673
252690
252776
252780
252810
252860
252866
252929
252959
252996
253128
253151
253233
253242
253245
253669
255664
255733
255735
258649
269297
272628
275055
275068
279502
279729
282694
282709
283622
283883
296513
296518
296523
296528
297583
298312
301521
305340
305891
309099
309169
309659
309698
309732
309994
310098
310102
310232
310364
310424
312907
317005
318927
319783
319863
320338
320345
321021
326806
327697
327712
328353
331040
331982
332758
332844
332884
332931
335603
336292
336717
336752
336757
339350
339352
340734
343226
347500
348451
351061
354204
354399
354400
355407
