2173
4938
8450
10447
12036
12476
14469
14539
14930
14931
15121
15322
15441
15583
16209
17639
26935
31722
34302
40603
53664
54922
55326
55330
55333
55334
55346
55349
56178
57075
58993
65968
69636
69779
69789
69928
69932
69961
73107
73275
75865
76014
79738
79824
80366
81037
87843
88891
93932
93939
96874
96892
96893
97013
97158
101104
104417
122539
122542
126145
136645
137792
137881
139069
139070
142266
142997
143410
143924
143927
144027
144142
144366
145287
147384
147385
150378
153514
154711
155319
158178
165530
176386
176418
177805
180737
180773
181997
184172
184761
185032
185190
185236
199219
200321
200637
203344
203530
205087
205459
214793
217065
217471
217523
218345
218635
218651
218660
218706
220270
222143
223227
224970
226553
228811
231914
231997
232299
232603
232951
233138
233286
233472
233520
233900
237535
239739
239999
251378
252057
252617
252637
252930
252977
253131
253154
253676
253687
253744
267348
279499
279798
282306
282620
297195
301511
301525
301546
307455
309184
309186
309622
309624
310417
318569
318804
320337
326163
326169
326804
327527
327848
327855
336661
339489
350896
354392
369977
